0.96381263
0.93612456
-0.80110297
-0.85431065
1.8835566
1.8159532
-1.5307094
-1.739834
1.4861081
1.6002377
-1.0617419
0.33105856
1.9688682
1.8343215
-0.46391729
-1.7877938
0.52772753
0.81833317
-0.36368596
-2.1687266
2.3779253
2.3345464
0.27685839
0.1342412
1.2363254
1.3524495
-1.118604
-0.022688927
1.4712744
1.4717461
-2.6211775
-2.6731282
-0.11447889
-0.02489093
-0.056457385
1.7274289
1.6913554
1.7754373
0.70526911
-1.9687606
-1.1872795
-1.075785
-0.17680495
-1.4299014
0.90656043
0.90584197
-2.5895418
-3.2161942
1.5777834
1.7077997
-1.0683356
-1.7911964
2.8798437
2.8707112
-0.98603785
-0.51740642
2.1390019
2.0664458
-0.0055250311
-0.68587193
-0.36114283
-0.14839793
-1.595257
-1.3171759
0.39756
0.73094104
-1.6769132
-0.18797848
1.510746
1.5492395
0.22988825
-0.94996877
1.1519141
1.4064931
-1.8899442
-1.8063874
0.79104858
0.79110431
0.70526911
-0.53322197
-0.92084448
-0.72979659
-1.8984163
-1.9251499
1.443276
1.5453113
0.42685625
-1.9022214
1.6551633
1.6259308
-0.0045344935
-1.2950304
1.3875022
1.4182982
-1.3554548
-1.8829417
1.5265014
1.7202984
-1.4253858
-0.54901893
0.67957188
0.72948559
-2.3119658
-2.0515481
1.1722708
1.2772679
-0.74234806
-2.0388035
0.9293995
0.94680984
-0.77999519
-0.96688667
1.0795534
1.2651914
0.70121143
-0.31375207
1.0776812
1.1061702
-2.0888909
-2.2358055
0.31704216
0.36469191
-0.926649
-0.078864325
1.3902766
1.4711666
-0.62120356
-1.1949281
0.93428811
1.0362884
-1.154588
-0.60907985
2.0198151
2.0975528
-0.26646405
-1.9755662
0.75893301
1.1282268
-0.50928809
-0.55100874
1.641931
1.6306324
-2.649221
-0.69911816
2.1797163
2.0944805
0.58190681
-1.6272141
2.1790672
2.2395737
-3.3727768
-1.2956349
1.7495456
1.5733496
-0.91609826
-1.748225
2.5914017
2.4749765
-2.7777548
-1.9653547
0.71795527
0.8190792
-0.99393766
-1.4974568
0.92404293
0.90460166
-1.8758612
-1.1375357
0.73228651
0.90899007
-0.054014564
-0.91978275
1.0994604
1.3030021
0.70526911
-0.15275387
2.0110557
2.2431323
-0.14283963
0.0034312258
3.0202101
3.0488753
-2.529141
-1.3041297
1.7249008
1.5779463
-0.10341991
-1.0671337
1.3204374
1.4132716
0.70526911
0.18180513
-0.44065548
-0.39474114
-1.3433025
-1.9523813
0.38852136
0.45766808
0.70526911
-1.0051573
2.453669
2.7049577
-1.3266166
-1.6020707
1.5484695
1.560135
-0.68777425
-2.1396095
0.6322568
0.50206688
-0.39963938
-1.7701924
1.8102906
1.8425878
-1.362683
-2.354168
1.8763723
1.683246
-1.1282687
-1.1186631
2.0854621
1.9476641
-0.93517727
-1.352398
0.47543119
0.64967018
-0.83884989
0.096353797
-0.87640752
-0.95334756
-0.38848499
-2.1232601
1.0863852
0.94731923
0.051163486
-1.6970479
0.77626017
0.75369681
-1.4030857
-1.0842414
0.77259242
0.74194117
0.37002323
-0.49200049
0.63286698
0.55537124
-1.243343
-1.0737439
0.53054452
0.59032471
-0.70599586
-2.7792313
0.9653282
1.1967766
-2.2410677
-2.8564825
-0.98528521
-0.66309801
-1.3438731
0.10782339
-0.37860865
-0.34995278
-1.0514515
-2.0353482
0.98803976
1.1052059
-1.5644561
-0.041811641
2.1231494
1.955569
-1.9021717
-0.55659302
-0.063716643
0.015993578
-2.0872116
-1.1415762
1.961636
1.9366773
-1.7099445
-2.2993289
0.33044105
0.50497591
-0.69882579
-0.73833125
1.0082684
0.89501453
-1.0676108
-2.7415686
2.1384564
2.6476158
-2.66645
-1.5836071
2.581553
2.8644106
-0.48379513
-3.9082803
1.0825957
0.80472399
-0.3608619
-0.97094174
1.2865361
1.4270997
0.70526911
0.70526911
0.49273461
0.76905787
-0.78561457
-1.5261088
1.1409224
1.0703299
-1.4847384
-2.0152861
0.25248753
0.11803908
-2.0597358
0.11385504
1.185101
1.1243572
-1.8858691
-2.1380107
0.85567561
0.77084226
0.18338183
-0.079023666
2.4628725
2.6583891
-2.1426418
-3.2597745
-0.063774178
-0.0038787197
-2.3822977
-0.96284243
1.729839
1.5957943
-2.1253943
-3.4520218
2.1568168
2.2796825
-2.0273249
-1.002028
0.16202139
0.13716263
-0.92862258
-2.6042234
-1.1161127
-1.1409579
-0.1438715
-1.0553962
-0.93936715
-0.85316535
-2.3728691
-3.1798421
1.1967173
1.2498839
-2.4806055
-1.1002523
1.6497479
1.7177037
-0.51705127
-0.28561968
0.48632935
0.38798873
-2.5492562
-0.82627536
1.2877586
1.2017371
-2.1155458
-2.9527154
0.39280101
0.37223071
-1.5242085
-0.88473648
1.6668551
1.4318236
0.85819146
-2.0471407
1.5531732
1.5175404
-1.7842785
-0.64381093
0.49918148
0.43471955
-0.65768867
-0.98593337
1.342126
1.5200935
-0.41661952
0.3730022
0.71886197
0.6837808
-1.3465278
-1.5726224
1.2019037
1.2351506
-0.73106498
-0.86709152
1.7717414
1.9606589
-1.3024046
-1.6791173
2.0495345
2.0289695
-0.14857005
-1.0883243
1.0607208
0.9316972
-0.67548518
-1.4092361
-0.18808071
0.16973361
0.25797083
-1.075902
1.3821826
1.3322468
1.8993246
-0.65323466
-0.61931474
-0.55072992
-1.7197709
-0.68929795
0.35808618
0.4588285
1.1534425
-2.1244843
-0.79998408
-0.74370192
-0.79576855
0.33120997
1.3873818
1.4190375
-0.20368945
-2.2179801
0.09169131
0.44160976
0.78909408
1.5891521
0.27640443
0.32631463
-0.63069353
-1.0428318
2.3300077
2.2813735
-0.91226526
-1.9859059
2.0714849
2.1851977
-1.3845064
-2.5458956
0.71723678
0.99760594
-2.7192316
-1.6721631
1.6319183
1.9117063
-2.1207904
-2.8521519
0.67033906
0.62277284
-0.65605847
-0.29828792
2.336599
2.2235007
-1.4927786
-0.58591505
1.9068845
2.0510236
-1.7449882
-2.2484547
1.7420874
1.66268
-0.41448629
-0.12815667
1.079487
1.4040016
-2.5834533
-1.4147806
1.1794393
1.2053141
-0.97354184
-1.5912741
0.48594553
0.24326792
-1.6315649
-0.71311258
0.55239559
0.46965541
0.70526911
-1.5891824
-0.12042144
-0.062497858
-0.65762001
-2.2421284
1.1020353
0.98009943
-0.028373548
-0.39543993
0.99483356
0.99594565
-0.16168014
-1.3521618
1.3873023
1.4915827
-0.80059284
-1.0816767
2.0752716
2.3883475
0.61189356
-1.4361427
0.99349045
0.93944405
-2.1353385
-1.7820763
1.5024179
1.4068063
-0.6205732
-0.94042178
2.7653592
2.7936401
-1.4099423
-2.000587
1.1521681
1.6551508
-0.056131246
0.12051458
1.804497
1.9357864
-0.47413074
-1.3418633
1.3756225
1.6494056
-0.07272156
0.98912438
1.0878983
1.0364897
-1.6195064
-1.3519549
-0.18091207
-0.32606329
-1.1017875
-1.5789129
0.8046107
0.77306533
-1.2728086
-0.060569537
0.2605365
0.33614957
-2.077679
-1.8997295
0.93916667
0.83410483
-0.97642662
-1.8964716
0.57621225
0.48093575
-0.99954442
-0.3452436
3.1800034
3.2275049
-0.62009411
-0.99009764
1.0266896
1.089236
-0.23580415
-2.2569053
2.4844975
2.3500148
-3.1709664
-2.4648973
-1.3465202
-1.2717521
-1.9394551
-1.9818713
1.4419178
1.5841885
-0.60552649
-0.88382785
1.1205822
1.0995962
-0.9237317
-0.09664049
1.151762
1.1461443
-1.4218899
-1.0509148
1.2772907
1.4578343
-0.17083495
-1.4398396
2.56256
2.5836907
-1.1649414
-1.2328621
0.44869143
0.56064792
-1.4101128
-0.20411061
1.3370311
1.3903531
-1.6621232
-0.46810323
1.7126894
1.6816719
-2.6252752
-1.449689
1.581103
1.8407467
-0.68678228
-1.4062138
0.73291457
0.75284667
-0.87976121
0.061309578
1.1929787
1.1768056
-2.8838622
-1.7563703
1.845079
1.4978547
-0.88308324
-0.95138923
1.5534369
1.3641742
-1.0101684
-1.1450094
1.59442
1.5632319
-0.37134212
-0.46372844
1.831065
1.8102569
-0.34730392
-0.79395312
2.1803096
2.2376838
0.2942959
-0.15745693
1.9029259
1.8378387
-1.7792813
-1.4349131
1.2112763
1.4674731
-0.46965304
-1.0989882
1.6899743
1.666609
-3.6443971
-1.3309937
0.70029444
0.59106789
-0.05349318
-1.3947364
0.45192489
0.27811858
-1.8112588
-1.5952329
1.7711931
2.0456194
-0.5182573
-0.53481174
1.1480727
1.389676
-2.9341022
-3.5092388
0.88409638
1.0534078
-2.3199997
-0.45990093
3.1667087
3.3461105
-1.6234515
-2.5215329
0.82555865
0.71482431
-1.9408239
-1.3934472
1.5361544
1.5222422
-1.5376977
-1.2181672
1.7185946
1.7874178
-0.091458082
-1.9221651
1.3079095
1.2406152
-1.3506101
-1.6995823
1.8656249
1.8097825
-1.1145631
-1.2859011
0.75412622
0.68409888
-2.7414215
-2.3994686
1.958469
1.8248323
-0.17899998
-0.19831995
0.2288422
0.16362218
-0.32936718
-2.5798691
0.76888717
1.0387024
-1.4324732
-2.3573304
1.0187377
1.0202117
-2.0746035
-2.5613971
1.2302676
1.0731361
-0.92479597
-1.2085057
1.3500624
1.3418461
-0.32153699
0.70526911
0.9595029
0.86465734
-2.0775589
-0.25352307
2.6112416
2.69378
-0.81542426
0.70526911
1.6194965
1.7720352
-1.4088509
-2.1714083
0.66293045
0.56571978
-0.87995458
0.70526911
2.5243156
2.3104135
0.034384597
0.28091285
2.3976882
2.3462751
-2.2389157
-1.5243435
1.7318021
1.718438
-1.8317668
-0.43353356
1.054681
1.0144057
-1.9655584
-2.2882942
0.68698587
0.59932283
-0.029765
-1.2641852
0.95084146
1.1194734
-0.60430101
-0.37532359
0.77760351
1.0920968
-0.079404317
-2.7200838
2.2093016
2.2218576
-0.37910969
-1.545516
0.081746013
0.45044484
-0.84545227
-1.2286061
0.81589612
0.97447312
-0.88560696
-0.228369
1.5216944
1.2566467
0.54173167
-1.617273
1.8317444
1.7161906
-2.0639601
0.23521268
0.32625877
0.16991517
-0.62347102
-0.47085508
1.166973
1.1214614
-2.0200693
-1.7704662
1.4753173
1.4783514
-1.2510743
-0.77466512
0.95560794
0.94019865
-2.5548052
-0.65624857
1.6534167
1.5149703
-2.6636729
-0.27864722
1.1887412
1.0552059
0.027946738
0.70526911
1.6450079
1.8242187
-1.9604331
-1.4002388
1.1823887
1.3266572
-3.2656626
-1.5491627
0.83756407
1.0937058
-1.7354162
-1.6355866
2.3508316
2.2878775
-1.2711367
-1.9959692
-0.56270293
-0.47621875
0.094270477
-1.4270723
1.1976383
1.2969161
-1.4249661
-2.1036672
0.038474475
0.065997768
-0.74210231
-0.82652431
1.0541497
1.169148
-2.9166329
-2.068947
1.6930031
1.6169695
-1.1915492
2.1330982
-1.5277406
-1.2359804
-1.1759289
-2.2703507
1.7081428
1.5945254
-1.295264
-0.29965342
1.7034468
1.7168798
-1.3478027
-0.82912029
1.0038028
1.2392915
-1.7072454
0.005656875
2.0414104
2.1314055
-2.9199233
-0.57392356
0.79557984
0.96962752
0.25430405
-0.38753664
2.3085816
2.2560773
0.32317831
0.87940347
-0.61101799
-0.27515783
-1.4187798
-2.71616
0.41086042
0.52140904
-2.2522301
-2.8810743
-1.3298837
-1.094553
-1.3224342
-1.5541974
1.1631438
1.0668557
-1.8649705
-1.4257581
0.6690193
0.53288792
-2.3631614
-1.423524
0.7401357
0.63135776
-1.6734249
-3.0144769
0.14191231
0.0039497733
-1.1514739
-0.97309077
-0.08734678
-0.069834006
-2.4040961
-2.3338026
2.0382367
1.7722832
-1.9511047
-0.2218682
-0.38981039
-0.28025045
-2.3766798
-2.9872652
0.14007229
0.33364721
-1.1631522
-1.1672453
0.14777721
0.28997667
-3.3068093
-0.77000732
0.18843102
0.48385271
0.17713817
-1.3192414
1.8389796
1.7804202
-3.1001693
-1.3509835
0.92369801
0.92306488
-1.1811658
-1.0073753
1.7726285
1.82904
-1.2176259
-0.4605644
2.1211756
2.243072
-0.80242217
-2.0593796
1.9819724
2.1299054
-0.41530591
-1.8063563
1.1327926
1.2384686
-0.66852987
-1.277471
0.88755354
0.84281214
-2.0326086
-2.1748085
0.67219274
0.60547978
-1.339649
-1.3733803
2.1930717
2.2549466
-1.641623
-1.6243148
0.26295724
0.45118023
-0.363253
-0.96240743
0.74254248
0.81797747
-2.0417116
-3.3369984
1.355425
1.4072042
-1.8030427
-0.093023014
0.85079288
0.94884856
-1.9945306
-3.0595957
-0.91177232
-0.60948347
-1.3058316
-0.54770528
1.1912752
1.0549471
-2.2115176
-0.0057082929
1.2984021
1.2056118
-1.4350559
-1.2301253
2.7707292
2.6765695
-1.8148507
-1.9170875
1.3406048
1.2797859
-0.73423096
-1.8320714
2.1276728
2.0092559
-2.4701827
-0.56171043
0.39838708
0.32648027
-2.0418214
-2.9387046
1.6029515
1.6939669
-1.340576
-1.3321309
0.9332666
1.0851814
-1.313194
-0.31803694
-0.061968431
-0.16481597
-2.2622672
-3.0708729
1.3977064
1.4378119
-1.2920235
-1.0531836
0.69457835
0.6336097
0.13833055
-1.3590519
1.1540875
1.198716
-0.78927444
-1.0544896
1.5749112
1.5903604
-0.36927943
-0.44485696
-0.52927906
-0.65914971
-2.0285238
-0.71377135
-0.95281523
-1.1042032
-0.66249261
-0.97698335
1.0278661
0.87497376
-1.298889
-1.3438311
1.1759969
1.1855969
-0.72681592
-0.02504288
1.8268928
1.8458933
-1.8707519
-1.6597496
1.289847
1.3498722
-2.9032503
-1.71332
-0.59711875
-0.45678013
-0.86554868
-1.0004006
0.9393129
0.820434
-0.036107186
-1.206144
1.8334388
1.5538905
-1.0263053
-1.0572728
2.1601436
2.3239306
-2.1439485
-2.7262698
2.6020435
2.5508344
-0.33417204
-0.14996203
1.4288673
1.3240425
-2.1569832
-2.6662259
0.37587357
0.40480487
0.59651949
0.09733789
-0.63348959
-0.61031651
-0.85740153
-2.2504673
0.049875142
0.4639946
-0.41968738
-0.79116369
0.71462509
0.66805542
-1.7348929
-2.1302856
1.7674456
1.8218409
-1.5691155
-0.22987801
0.44339837
0.52843124
-2.2390071
-1.2249483
1.7624926
1.8369391
-0.32203452
-1.3517379
2.1787995
2.2740832
-1.5393903
-1.7742111
0.77825046
0.92686878
-0.89886197
-1.6108938
1.9296558
2.0829961
-1.5658912
-1.2185515
0.54399481
0.68747857
-1.2820452
-0.98353005
0.50672347
0.32402667
-1.8053036
-2.6714022
1.9261403
1.9418285
-1.4038315
-1.6223944
2.0382836
2.1216262
-1.776742
-2.3525308
1.4962636
1.5329118
-1.2115236
-1.985416
1.4684816
1.4485328
-2.3120611
-1.2337091
3.0267517
2.9600229
-0.83945244
-1.4087324
0.34428738
0.47123771
-2.0240035
-1.8105782
1.2270944
1.3116943
-0.89122502
-1.326841
1.9163283
1.897492
-3.3575911
-3.3476943
1.7708401
1.7151799
-1.093869
-1.036805
2.307959
2.378272
-1.5580368
0.15629462
1.534178
1.6706761
-2.4442135
-0.93214714
1.6630905
1.6065465
0.26621843
-2.1522454
0.56068785
0.83996973
-0.7856791
-1.8436846
1.5798158
1.4488983
-2.5768554
-3.4532059
3.0132802
2.7668208
-1.3139234
-1.3983895
2.7552582
2.6928157
-2.549643
-2.4956104
1.0726121
1.1311975
-0.80170494
-1.2866824
3.0706356
3.0687824
-1.1249997
-1.5380902
2.0319413
1.9662475
-1.6463633
-1.7472493
1.2044294
1.1291567
-0.89107789
-1.7826085
1.0801281
1.0306788
-1.6522919
-0.7176589
1.8087828
1.842611
-1.1030278
0.70526911
2.2909118
2.1298184
0.26265931
-2.3485995
1.4393795
1.5001161
-0.9966677
-3.0277584
1.0714151
0.86769323
-1.5315971
-0.57822492
1.8718242
1.8584802
-0.96420458
-2.0304893
2.0173245
1.8229012
-2.3434608
-1.4889912
2.4825981
2.5778192
-2.5207285
-3.2393711
0.80344718
0.66041057
-0.11710625
-1.1231905
2.4140339
2.1140034
-1.6086506
-2.0299507
1.3783449
1.3852838
-1.2148973
-0.90471462
2.330954
2.2347719
-1.0441214
-1.1221573
0.71778853
0.34005465
-0.60342416
-0.073265309
0.28796432
0.11434837
0.70526911
0.70526911
3.0552851
3.0996536
-1.8056398
0.062368659
3.0403009
2.9212398
-2.1284223
-1.6986372
1.4270569
1.2728445
-0.68619651
-2.790674
1.271442
1.110913
-2.8521436
-2.2986407
2.0139468
2.0348155
-1.276683
-0.28357371
1.4886895
1.4395645
-2.4280827
-2.3219376
1.3273237
1.4795506
-1.1622085
-0.82153924
0.85006283
0.97881907
-0.51442412
-2.7243385
2.3739712
2.7132047
0.40540793
0.68218309
0.60191361
0.73495631
-1.0736783
-2.2494894
0.55001985
0.64457564
-0.26889019
-0.26824379
2.2668467
2.3595254
-1.9355399
0.46771215
1.222394
1.1824904
-0.8222645
-0.82471268
0.49254873
0.40374243
-1.5674862
-1.6121203
2.5511535
2.772738
-0.4638636
-1.5303094
2.7201884
2.671896
-1.2646051
-3.2688681
0.52019795
0.64384946
0.10829513
-1.8339636
2.1060203
2.202583
-1.2333785
-1.1776859
0.98258919
0.89706862
-0.91276108
-1.196292
1.6653529
1.9177377
-3.1318834
-0.94725337
1.0673929
0.86233399
-1.5371892
0.20317202
2.2305426
2.2231133
-1.3676992
-0.96402804
-0.76575634
-0.94339256
-1.3467211
-0.71808005
1.3426148
1.5673668
-2.4945944
-2.3969622
1.8263007
1.810073
-2.2299841
-0.36387544
1.799272
1.6846689
-1.1507446
-0.69645218
1.8903235
1.75472
-1.3083106
-0.97351445
1.456077
1.5101865
-2.06236
-3.0350285
0.97862952
1.0018255
-0.84798233
-0.71020581
2.2600871
2.2698659
-3.019655
-2.7406827
0.70836277
0.73992483
-0.73876698
-0.14530989
2.321142
2.4417399
0.81982679
-1.27233
0.32410458
0.32959674
-0.39212202
-0.87840551
2.5527057
2.5432101
-0.94204759
0.70526911
1.1697784
1.1333194
-0.5804904
-0.34451488
1.8160735
2.0929136
0.0017432709
-2.0255628
-0.37055452
-0.3163212
-0.70994588
-0.45474768
0.79746773
0.86858686
-0.50850962
0.70526911
1.6014563
1.7143565
-1.252141
0.041892153
1.5033871
1.4808
-2.61729
-1.6172982
0.089811952
0.19947479
-1.1169315
-0.79340663
-0.071610996
-0.10982825
0.70526911
-1.3144786
0.065024187
0.1714758
-1.5016593
-0.13978965
1.7762865
1.7346744
-1.6178879
-0.88212646
1.8836195
2.0069283
-1.3148968
-1.0317233
0.97167187
0.96545907
-3.3106052
-0.6945327
2.5472058
2.6471725
-0.22227946
-0.86876361
2.7136976
2.6796854
-0.98844667
-0.18194738
1.5919799
1.6010748
-1.0091274
-0.46538734
3.2411793
3.2238927
-0.68622593
-1.5016805
2.129643
1.9525778
0.81373139
-1.1746285
1.7929722
1.7565169
1.1702529
-1.5704145
1.3192958
1.1571878
-1.3223633
-1.5793535
1.9875895
2.0299178
-1.2142821
-1.5784869
1.9113237
1.7681483
-0.27668385
-1.2271558
1.9910631
2.1119419
-0.51760751
-2.5722187
1.787856
1.588787
-1.1084601
-1.029861
1.1721599
1.1538624
-1.4574415
-3.1246676
-0.21870186
-0.2246339
-2.0658057
-0.84313744
-0.55245995
-0.82400144
-1.373849
-2.9649173
-2.797376
-2.5167596
-0.75953686
-1.4590322
1.1975447
1.3588479
-1.0108577
-0.62150458
0.53727323
0.873109
-1.7816747
-1.2189305
1.2122579
1.2762347
-2.6447325
-1.857425
1.2708918
1.268859
-2.0541635
-1.0473906
2.9145661
2.8452899
-0.8219775
-2.344457
-0.0715929
0.26222134
-0.73301963
-0.20923703
-0.29860177
-0.11318308
-1.2955783
-2.4788438
1.4574895
1.268194
-1.1241632
-0.94701256
0.37198941
0.40993561
-0.17932625
-1.6142408
1.9532474
2.0619955
-0.97607826
-1.4186992
2.3101844
2.3912315
-1.4464218
-2.8261133
0.69354554
0.67595724
-1.5253326
-2.2171377
1.7778342
1.7124035
-3.1786864
-2.4235768
0.43493159
0.24595819
-0.87342455
-0.33737733
1.3957675
1.4660199
-3.2435402
-1.4255903
0.29789775
0.40193806
-1.0359783
-1.5222979
0.74593225
0.71308538
-0.9502239
-1.495727
1.0922046
1.2726469
0.32199357
-1.9908585
2.6447554
2.6963799
-0.46162269
-1.1064115
-0.063752756
-0.054128537
-1.8623163
-1.6927221
0.87963892
0.9739325
1.0638081
0.11499183
0.77585322
1.1888295
-0.35844111
-1.2388209
1.1633998
1.2186201
-1.0576409
-1.4118991
1.4041401
1.4392313
-0.66598706
-1.1522038
1.5485957
1.6780099
-2.7427025
-3.2701106
0.49162719
0.27899991
-0.56502872
-1.071575
0.12505782
0.12151402
-2.663977
-0.89652639
0.97448398
0.81098118
-1.3722875
-0.97560797
2.8634142
2.8382161
-1.7810503
-1.324159
-0.6137718
-0.48393626
-1.9362441
-2.0274806
1.1762318
1.1811163
-0.89711252
-1.4067178
1.7586033
1.6065938
-0.085380143
-0.74672149
1.7851717
1.8131799
-1.3611096
-2.0588859
1.3433038
1.4998854
-0.5226161
-0.61426379
1.4745671
1.3743147
-2.0661977
-2.3655425
-0.24288525
-0.19860255
-1.9993564
-1.1066549
0.72807864
0.63138189
-0.52649266
-1.6399455
0.91348515
0.8178328
-0.27749367
-0.67994836
1.5812656
1.5058107
-2.6596913
-0.87597742
0.55626317
0.65813092
-0.75279183
-0.21498605
1.8145847
1.8571145
-0.54330644
-1.0800037
0.97067238
1.1028636
0.26545618
-0.67848652
0.52050359
0.56683973
-1.9028745
-2.4380239
1.342065
1.5478181
-1.5507403
-1.29565
1.7198203
1.7742485
-2.5200617
-0.56139008
-0.00080335635
0.1045345
-0.69276788
-0.093138592
0.087760495
0.069299808
-1.8565017
-0.35053904
0.36325058
0.57104284
-0.68398889
-0.65509771
0.40546261
0.45643443
-0.47383451
-1.8920583
2.3515349
2.1515886
0.30364402
-1.8336224
1.290767
1.3445472
-2.0095066
-2.5964572
1.8746038
1.7117869
-1.2282461
-0.22472725
1.5643593
1.4403048
-2.6200568
-1.025878
1.1615996
1.2239859
-1.5404474
-1.7058869
2.1006196
2.0649794
-1.6735701
-2.4952575
1.0391774
1.1580096
-0.95201268
-0.46965003
0.77338276
0.71990347
-2.0636574
-2.9103722
1.176059
1.1297448
-1.4910895
-1.6702901
1.9985077
1.9832442
-2.1353142
-1.5724844
0.64072833
0.808949
-0.25599083
-1.0323468
2.1291595
2.2654986
-1.4793349
-1.315201
1.8877377
1.8957228
-1.263036
-1.5005718
2.330052
2.307851
-1.5600467
-2.0109331
1.7646497
1.4548844
-0.87809464
0.23838373
2.7338257
2.4057393
-1.324052
-1.7535072
0.12483848
0.088446664
-1.8298696
-0.63684899
1.0264461
0.92432345
-1.4155815
0.62810738
0.42951344
0.35672834
-0.77012548
-1.0562088
1.1664679
1.1164407
-2.3783924
-1.3156462
0.6171335
0.82138733
-0.12085814
-1.6581187
-0.036170965
-0.066199588
-1.7334158
-0.98952944
0.44439163
0.53212092
-3.2805719
0.16328279
0.40954972
0.20272681
-1.234029
0.27031752
1.8652082
1.9164311
-1.7988107
-1.1764567
1.8405168
1.7781081
-2.8910471
-1.691424
1.9681788
2.0765389
-2.4537573
-0.76573635
2.0167296
2.0393126
-3.1473486
-1.7439287
0.57748345
0.57926998
-1.9485099
0.31805725
1.6443643
1.6428056
-1.0639204
-1.7295017
0.064949629
0.29982318
0.39046381
-2.2643406
0.94508746
0.94013326
-1.3716226
0.37459734
-0.25049641
-0.25641236
-3.2678903
-0.92669006
0.64639991
0.58529041
-0.9241647
-1.1031812
1.2722707
1.2081856
-1.5328024
-1.1607985
0.4663346
0.56122885
-3.0917808
-2.290552
-0.4483138
-0.062864482
0.84421598
-1.3656123
0.94515294
1.0259577
-2.0964516
1.7668414
1.0783836
1.4472029
0.70526911
-1.5144567
2.563244
2.5858769
-1.6023002
-2.4101559
1.3902604
1.453503
-2.273624
-1.5483906
2.2271499
2.2317728
-2.0988832
-2.9837858
0.18483094
0.093667753
-1.0124861
-1.0847904
1.6157666
1.5326317
-2.8446048
-1.6411974
1.4587726
1.514699
-1.4516246
-0.46426559
0.87624274
0.95773554
-1.274905
-0.89627481
1.5947893
1.4716781
-0.97982688
-0.95207183
1.6940997
1.4893985
-2.1484611
-1.0423699
1.5361881
1.6985224
-1.7410734
-0.36979282
1.7832769
1.7176473
0.70526911
0.70526911
1.8835182
1.8619374
-2.6088659
-1.6737564
2.286446
2.2957308
0.054114151
-1.0162105
-0.27742284
-0.13629959
-2.1582189
-2.0295271
2.0567505
2.0719037
-2.8620278
-1.7195436
1.4480399
1.5050768
0.065754603
-1.7364112
1.0497287
0.85431051
0.084316245
-3.0361647
1.7805481
1.6696716
-1.1956835
-1.2639698
1.3736024
1.5573707
-1.1690083
-0.62136497
-0.44821668
-0.28872389
-0.86334233
-1.443583
-0.37793444
-0.27422467
-0.9031852
-0.14081316
0.45706004
0.56466451
0.41465152
-1.6141826
1.2572501
1.2585688
-0.3784265
-2.3630882
0.7132398
0.6514965
-0.45722871
-1.4219974
0.80486059
0.76206733
0.63525639
-1.5318212
1.0059467
0.86869244
-2.0243698
-1.0863317
0.85102582
0.96799434
-3.6153136
-1.9485683
1.7166201
1.9706515
-1.1232821
-0.35495092
1.4273254
1.4838105
-1.9414454
-2.1617345
1.134735
1.3905286
-1.8910795
0.99206663
1.9497786
2.0746049
0.34565655
-1.8226085
-0.095930628
0.25831844
-1.4509746
-2.0345751
1.508727
1.5653871
-1.5763261
-1.9827073
1.4027042
1.2777275
-0.72897862
-0.16389819
2.2925911
2.2923546
-1.6840128
0.28866837
1.7378103
1.7981425
-0.18332715
-0.90260191
0.096049768
-0.050106843
-1.6012572
-1.6120678
0.72937333
0.93524141
-2.0411348
-1.2027232
2.016344
1.9925006
-1.1347219
-2.2624561
0.15349207
0.065574486
-1.1324556
-0.91731051
0.83673543
0.89102189
-0.6812253
-3.3143555
0.17736989
0.054915485
-1.3177954
-2.0330982
0.77922606
0.76637614
-0.68107138
-2.7147508
1.7104739
1.8906792
-0.54212897
-0.54640588
1.1556112
1.4018036
0.83026702
-0.72498433
1.9108325
1.8929825
0.051775182
-0.82848788
1.2817147
1.3021198
-1.0132128
-2.5155371
1.5423984
1.3388461
-2.0939874
-2.1659336
1.0683214
1.0994083
-0.8244756
-0.19041395
1.1078194
1.2642439
-0.79986943
-0.94091662
2.0763981
2.0597557
-1.2025676
-2.4028741
-1.6901501
-1.4687307
-1.6145825
-1.0523309
-0.16967499
-0.0090411883
-1.8475972
-1.2886823
-0.35300762
-0.33259586
-1.2115003
-0.26485999
0.84628785
1.0261016
-2.890247
-3.0386845
1.1059933
1.0469883
-1.8008154
-0.47185878
0.84106737
1.0027933
-1.4040428
-2.3576915
2.7019765
2.5242729
-1.4777184
-0.73588425
2.3898071
2.179547
0.70526911
-2.8385436
0.94901094
1.0997818
-1.5252589
-1.8590136
2.0264838
1.8803606
-1.7044611
-0.97495589
0.16598086
0.19128989
-2.3177754
-1.8237521
0.42742659
0.50966712
-3.0556441
-1.2373732
0.59898082
0.59350681
-1.3135841
-1.6614825
1.383249
1.4438175
-2.9931684
-1.6564752
2.2479901
2.1366057
-0.81244204
-1.2653151
1.3368972
1.4381619
-0.31932557
-0.97689761
0.18472214
0.22249579
-1.0569569
-1.044661
2.0311818
2.1011884
-2.9732131
-2.0523458
1.7897413
1.9108406
-0.87356775
-1.6018883
1.7792994
1.8177763
-0.14093089
-1.0047034
-0.044637613
0.014677161
-0.035290988
-1.4651147
1.9311792
1.8737457
-2.0390165
0.70526911
1.3032805
1.1206142
0.17511803
-0.31068803
2.2075641
2.3837778
-2.9458395
-0.18125843
2.2319113
2.4973613
-2.1416624
-1.584492
0.41605109
0.35129975
-1.6325663
-1.7393107
0.73605797
0.88427034
-0.36549859
-1.4919581
1.8627563
1.857788
-3.0094586
-1.1000546
0.78901527
1.076303
-0.42441708
-0.5038062
-0.43020662
-0.20897423
0.049391679
0.071692717
1.1260319
1.282732
-0.88204593
0.10851867
1.5122804
1.6604206
-0.096118586
-0.9112205
1.8673155
1.7154493
0.18694644
-0.98905357
2.121968
1.9951764
-1.0782442
-0.63563343
-1.0431296
-0.98481603
-2.2373193
-1.6760689
0.54759877
0.57713452
-0.39449411
-1.7711308
1.1014509
1.2081543
-0.81035119
0.19986155
1.3792784
1.4645214
-0.5923613
-1.8277045
0.39004785
0.46045549
-1.2333007
-2.1793896
0.65224667
0.59297908
0.98287481
-2.3101672
1.0957037
1.301762
-0.77850315
-1.7789904
1.5549591
1.5514226
-0.99121148
-2.8751219
1.5188245
1.6426661
-0.80793357
-1.5736489
2.1000112
2.1468089
-1.5434012
-1.0338115
0.89765534
0.94001315
-0.98410337
-0.23849579
1.4426104
1.3588296
-2.1886747
-1.7606037
0.77742091
0.8188569
-0.67303624
-3.5648423
1.8285571
1.852975
-1.5437757
-2.9592998
1.6601759
1.6404708
0.63003514
-0.25305772
2.4220251
2.4006776
-1.4136029
-1.4054006
0.98639226
0.92502548
-1.2278618
-0.83679428
1.179549
1.2636221
-1.6088592
-3.0336461
1.0499085
1.1255392
-0.99504728
-0.99068084
1.6547715
1.8104829
-1.4896294
-1.2538103
1.5698574
1.3002238
-1.1463479
-1.3047102
1.5924249
1.6599214
-2.6584138
-0.19194712
1.2561973
1.3055531
-0.80452129
-0.51910226
2.3692898
2.4194143
-1.0872424
-3.2359003
0.48588944
0.74468373
-1.0163932
0.15761878
-0.16764215
0.053269871
-1.1290237
-2.9003037
-0.074495862
-0.077624968
-1.3626046
0.039976683
0.12347104
0.040015692
-2.5372711
-0.90631172
-0.30408773
-0.056326346
-1.3416248
-0.50245192
1.0094635
1.2026766
-1.5032233
-0.8094146
2.1780936
2.29674
-0.7360633
-0.57755936
1.2656573
1.3190957
-2.6942179
-0.60748262
0.39003207
0.28236638
-0.40552286
-0.82819189
1.4502281
1.1371815
-2.2221641
-1.1981342
0.88990773
0.83161497
-0.43660049
-0.072683759
1.8633003
1.9641092
-0.99566659
0.18923621
-0.030274002
-0.043945874
0.26741426
-0.32646362
0.83042666
0.9507131
-1.4640446
-1.1649702
1.0447808
0.98210198
-1.0720068
-0.95370531
2.577407
2.4378295
-0.25159561
-1.9212161
0.8579353
0.68470954
-0.76849434
-0.67121113
0.73972426
0.71334194
-0.09651971
-1.462237
0.98670668
1.4593227
-0.30229955
-0.65374539
1.7750314
1.9519656
-2.5963205
-1.1645869
-0.32936672
-0.64906593
-1.2095845
-0.72645795
0.72779663
0.56173294
-0.29935579
-2.5414455
0.039083844
0.16116829
-0.84597729
-1.2722621
0.679276
0.62741822
-1.1875149
-1.5942356
0.41689302
0.8295884
-1.573495
-1.5379972
1.852211
1.8733781
-1.8182772
-2.7296303
1.1068452
0.90299981
-1.733566
-1.665142
1.1311735
1.2546864
-1.2053769
-1.3097132
1.1441241
1.0545197
0.010925068
-1.4697938
1.1489247
1.3882103
-1.3430924
0.70526911
2.1025282
1.8427314
-0.59105189
-1.1167171
1.9685449
1.9268016
-1.7658752
0.32057944
2.1451089
2.5705546
-0.36833252
0.29467045
1.673997
1.6350772
-1.6022335
0.39645422
1.5648331
1.3270219
-1.5175742
-0.52157198
0.8181075
0.95748886
-2.2009996
-2.1373505
1.466067
1.5711925
-0.38197572
0.51382445
1.4276335
1.5537841
-1.3467066
-2.5407413
1.1783483
1.518687
-0.08391435
-0.010762058
1.8217548
1.7878922
-1.0129095
-1.6117428
1.3969005
1.5549041
-1.333284
-2.1513275
1.8908061
1.8960532
-1.3506032
-2.7020347
-0.035258278
0.29163847
-0.85162332
-1.6174346
1.180315
1.184878
-0.48329801
-1.2710998
2.5943701
2.4958331
-2.0525084
-1.1881886
1.2462704
1.2749155
-1.3313076
-2.1579562
1.1850074
1.1781729
-0.28497545
-1.4263197
1.5880154
1.7805091
-2.5714394
0.73195764
0.045357725
0.21671276
-1.3858506
0.87545361
2.3313521
2.375288
-0.45808095
0.93653213
1.3038478
1.2433009
-0.74446797
-1.3834384
0.24282728
0.29211602
0.0052123387
0.70526911
1.0564368
1.1675222
0.56051065
-1.2849941
-0.0076314997
-0.018240045
-1.7753223
-1.5247681
1.7895048
1.9645905
-0.13991874
1.3095884
2.0259872
2.1762056
0.13204443
0.069393176
1.489277
1.3370567
0.074259163
-1.2462451
1.2670552
1.2026383
-2.6266578
-0.94472995
0.58801411
0.76107374
-0.32722817
-1.0980656
1.4113231
1.4501901
-1.2421655
-0.65037236
-0.64627506
-0.64575277
-1.9605496
-0.50591121
0.014349252
0.056661359
-2.7545964
-1.9929923
0.40724264
0.7843243
-1.2060374
-1.2293442
1.6813004
1.6539528
-2.8447893
-2.7627785
0.54547137
0.55326991
-1.3662559
-1.4238922
0.40975068
0.46470094
-2.6411015
-1.4203138
2.204076
2.3881536
-1.2781515
-0.21987473
2.2772156
2.4359994
-3.2073555
-1.047936
0.74071261
0.83578432
-0.47796818
0.36312255
0.86183782
0.8226672
-1.1624186
-1.8763831
1.5233149
1.3846317
-1.8262431
-0.86088402
2.0699905
2.1065458
-2.3207188
-0.97176433
1.6677046
1.7225412
-1.1696078
-1.3913929
1.3113233
1.3236045
-2.9339266
-1.1698259
-0.0045669867
-0.11515067
0.18864325
-0.51389936
0.18606607
-0.04785415
-2.1506961
-0.12099192
0.72933854
0.40627202
-1.3001572
-0.48990504
0.20979527
0.14078529
-0.77303629
-0.34232098
0.52128199
0.49392404
-0.089820999
-2.8364447
2.0180094
1.8074904
-1.9110484
-2.58081
-0.28538983
-0.14605096
-2.278175
-0.96752936
1.6179347
1.5096803
-2.2948936
-2.1726558
1.3986229
1.5250496
-1.5788495
0.17348602
2.1895124
2.0464934
-2.5489793
-0.85752111
0.19513381
0.26610822
-1.659675
0.12769062
1.9371708
1.9951187
-2.2342117
-2.6932152
1.0193364
1.4377572
-2.0976294
-0.48998009
2.19497
2.3757099
0.8222201
-3.6800372
-0.39425016
-0.26419736
-2.3657677
-1.2202259
0.76785378
0.72013741
-2.1542343
-2.1858827
1.1876138
1.5374607
-0.19428045
0.44646486
1.339383
1.3002183
-2.741062
-1.1659194
2.5856107
2.7883637
-0.57289319
-1.0215259
1.7237848
1.8220884
-2.1732842
-1.0071635
1.6187246
1.6014368
0.17777206
-0.17140884
2.0349621
2.0989043
-1.6892983
-2.0986073
0.91681256
0.93199304
-1.2028631
-0.92842183
1.9671133
2.1618192
-2.0879277
-2.3464533
1.0570126
1.0399384
-1.5300385
-0.70328172
1.7876742
1.8226044
-0.4120419
-2.5595653
0.60793759
0.80465283
-0.85229309
-1.6045343
1.5283741
1.6738504
-1.4563148
-2.7664427
2.3716933
2.2290845
1.9960127
-0.79748209
1.8230411
2.0098225
-0.30472679
-1.5369237
0.36972368
0.59270068
-1.544473
-1.2063656
0.7743009
0.78686729
-2.7954366
-2.1567127
0.87735684
1.1852046
-1.5804154
-2.0114232
0.51378113
0.70531724
-0.20275831
-3.0053509
1.4429433
1.7333078
-0.2421602
-0.21339679
0.80693363
0.8124181
0.70526911
-1.1504195
2.2897099
2.2025788
-0.8805718
-0.0013749358
1.5352935
1.7094291
-3.0263741
-2.0180167
0.14825776
0.44094487
-0.50087678
-1.5021191
-0.054150548
0.075170639
-2.1229623
-3.4140982
1.200126
1.1822904
-2.2973813
-3.3292787
1.994185
1.9328706
-1.1925521
-2.7105272
1.344303
1.4679336
-1.488233
-0.13243382
-1.3485904
-1.552828
-0.54189609
-1.8170365
0.53702113
0.56446634
-1.4242167
-1.7267475
0.48710141
0.53286742
-2.2547612
-2.116887
0.96894249
1.0437849
-1.7397405
-1.1128025
-0.10521313
-0.12587623
-2.2468702
-1.6634282
1.0533691
0.99121629
0.057804605
-1.4376444
1.8079827
1.8054984
0.25099644
-0.052797436
2.0969581
2.1701116
-1.2736407
-1.19116
0.39891697
0.51171061
-0.62758667
-0.74874913
-0.89914689
-0.7686711
-1.0864574
-1.3722357
-0.64356784
-0.55356118
-1.4939381
-0.82869847
1.0204547
1.0908156
1.0364772
-0.16265114
0.26440564
0.18535025
0.1291772
0.038036133
1.1975761
1.2830319
-1.3402959
-0.80980318
1.139283
1.2960967
-2.4790605
-2.1982539
1.9926559
2.2273557
0.69040771
-0.030126476
2.0030008
2.0664819
-1.6798859
0.93011987
1.5202667
1.6984901
-0.61121941
-1.494201
1.3184062
1.3643372
-1.7512066
-1.6266285
0.019466031
0.013182377
-0.11418019
-0.097287388
2.5103667
2.5384645
-1.3527178
-2.9102417
2.5528054
2.5127185
0.39348299
-1.4250009
1.2671314
1.1192704
-2.4612082
-0.73577743
0.90459164
0.8011159
-0.17218334
-1.6431464
1.0811647
1.2930195
-0.83224668
-0.82080335
0.99306167
1.1732198
-0.8767032
-1.5592124
1.5358676
1.7626039
-1.4244533
-1.6703276
0.94928441
0.86685201
-1.0915051
-0.39959381
2.4513496
2.5690423
0.63554815
-1.3798774
2.0867152
2.2416177
-2.1287579
-1.3475411
2.2686943
2.3539164
-1.2636625
-0.18249625
-0.43086204
0.022892364
-1.6023116
-0.90482576
0.26091627
0.25724024
-1.4328969
-0.36910986
1.3163103
1.3598118
-0.52931369
-0.98919758
2.6741719
2.4700527
-0.27749358
-1.7513968
-0.87761159
-0.72447712
0.013122143
-2.6758645
0.88028793
0.96220209
-2.0332565
-2.0890357
1.8621424
1.7291602
-0.4450522
-0.93424548
1.0083484
1.0169118
-1.4729047
-2.439935
0.88410264
1.1583178
-1.6168654
-1.6466981
0.2916093
0.12274002
0.32431519
0.70526911
1.0058824
1.0887174
-0.63503998
-1.3256453
2.0996102
2.0487799
-0.81672752
-3.0121204
-1.0737189
-0.89170331
-1.4531518
-2.2145714
0.79716348
0.67252501
-1.0034076
-0.72437429
1.5443877
1.3658167
-1.2520694
0.52467075
2.8984319
2.8647891
-1.4178804
-1.4788769
1.5433593
1.7510291
-0.53706399
-1.693712
2.2247878
2.1544525
-2.4142512
0.2076048
0.74993258
1.0025069
-0.74961521
-1.9817018
0.83102987
0.85305737
-0.66876133
-0.27254012
0.057300097
0.21312028
-0.065072349
-0.36232511
-0.63795739
-0.64192412
-0.35441871
0.70526911
1.8804417
1.8458797
-1.197113
-0.54737109
1.1478108
1.1234605
-2.8405013
-2.3029396
0.43780116
0.6110463
-1.0474873
-0.36138881
1.5039966
1.5577674
0.70526911
0.016305124
1.3367451
1.1731677
-0.41234666
-0.92326855
0.27208721
0.35091334
0.024055608
-1.4270815
1.5932386
1.5147701
-1.4642103
-0.32259952
1.360521
1.3493969
-2.2744245
-2.4750928
1.5840765
1.4750783
-1.4439482
0.9681108
2.5787133
2.5453954
-2.9542689
-2.8064763
0.87761227
0.83550937
-0.89284439
-1.1696052
0.2541679
0.12488406
-1.4569794
-2.4970466
0.72480539
0.7098825
-1.5693436
-1.0520564
1.6352111
1.6901004
-1.901518
-1.6904642
0.91290202
1.0305
-1.4600232
-1.4982239
0.28751042
0.069125602
-2.3820786
-2.8742455
2.5186154
1.9562818
-1.2153177
-2.1300835
2.1904079
2.1766349
-2.8584459
-1.9715699
2.4481422
2.3618512
-0.44716092
-0.76700598
2.452095
2.4678317
-2.8701056
-1.7932513
1.7801397
1.6400064
-1.1505011
-1.4690579
1.6265634
1.8233743
-1.5383425
-0.81387102
1.7490154
1.8528586
-0.75224837
0.26132108
1.1312427
1.2574589
-0.47264526
0.098404082
1.033108
1.1122063
0.58191407
-0.35527545
0.76466093
0.82539079
0.70526911
-1.2321458
1.4909528
1.3765954
0.056653443
-0.49506813
1.7898045
1.7503467
-0.32781184
-0.99462953
1.7139083
1.6331506
-0.22661673
-0.27316736
0.22899441
0.128771
-3.584457
-1.0919858
1.3991839
1.3227598
0.33786126
-0.2259563
2.5561002
2.7081097
-3.1004876
-2.6802641
2.0174004
1.9140843
-1.0286579
-0.031895057
1.1325147
1.2245283
-0.51319483
-1.2209796
2.701991
2.81435
-1.847603
-0.7980347
2.9624378
2.9738197
-2.9075687
-2.8163996
1.5401249
1.5029084
-1.1485682
-0.75821343
1.8671141
1.944344
-1.1965779
-0.94579288
-0.13263089
-0.0031180174
-1.2754038
0.21008079
0.34038119
0.32505282
-0.29738382
0.48819747
0.64310001
0.44841851
-1.4872958
-2.3556306
0.99681808
0.94746995
-0.80568587
-0.30037413
1.2045199
1.5131826
-1.7063402
-0.97160477
1.973766
2.161159
-3.263053
-3.7063651
2.1061647
2.0590829
-1.614947
-2.8258848
-0.11884301
-0.17092193
-1.2891995
-1.1955517
1.4258044
1.0772735
-0.30584152
-0.2975288
2.2294842
2.24475
-2.7180081
-2.5166744
0.84909561
0.92584434
-1.2730447
-1.1249572
1.1871085
1.1504735
0.31213177
-0.87319281
2.5689742
2.6051902
-1.3718248
-0.44213416
1.5116914
1.5516382
-1.9886341
-1.2836323
0.98929826
1.3380109
-1.7004488
-1.1960147
1.5256957
1.5859229
-1.6470546
-1.3653743
1.245856
1.5952084
-0.65631848
-1.0113643
2.2178652
2.3052925
-2.8631418
-2.0523188
0.28320728
0.22476079
-0.051634483
-0.071749652
0.90456768
0.76711468
-1.8553125
-1.412035
0.8539084
1.0944642
0.65577478
-0.63712158
1.9569793
2.1197753
-0.49159962
0.34181685
1.1568346
1.1266043
-2.3540281
-1.7564402
-2.3487055
-2.407786
-1.1805264
-2.2361383
1.3039764
1.2535404
-0.89801386
-0.80098305
0.61834732
0.57143424
-2.166007
-2.9860942
0.97484841
1.3841186
2.259074
-2.1938833
1.8211576
2.1188612
-2.5266559
-1.1608424
2.4539648
2.5882867
-1.8048732
-0.63181318
2.4408458
2.3596701
-0.96506459
-0.95393286
2.1389765
1.9983883
-1.6011511
-0.17135976
0.94178564
1.0356107
-3.0651163
-2.3784899
1.9752995
2.3861522
-0.054020097
-0.73407595
2.6710982
2.6206079
-0.29297716
-2.9316084
-0.9964401
-0.75614512
-0.046228228
-0.85742866
-0.26484646
-0.28526761
0.76898654
-2.4239169
1.5397008
1.3847823
-1.5003053
0.93726874
-0.17059707
-0.10973834
0.053564577
-1.3757797
1.154184
1.135294
-2.0714751
-1.3452547
1.8063115
1.8345282
-2.7042328
-3.1600568
2.2616385
2.1293346
-0.93000213
-0.85405735
2.6148731
2.5997134
-1.7536812
-1.0048727
1.2468052
1.1297909
-1.050846
-0.39740074
2.0673689
2.0063392
-0.72299451
-1.9761417
-0.14710417
0.047416438
-1.7535558
-1.6335656
1.8194021
1.7385948
-1.2507314
-0.92908452
1.075027
1.2027587
-1.256506
-1.1361109
1.4688853
1.5117199
0.19195436
-2.2657759
0.047214915
0.46086972
-1.7778677
-1.9038098
0.93926409
0.95584755
-1.036663
0.70526911
1.0634678
1.2155317
-1.1562585
-1.7507946
1.5202028
1.5755678
0.70526911
-0.9586628
1.0081512
0.91235317
-0.31868441
-1.4758177
1.032518
0.98442904
0.4749198
-0.81258262
2.1369712
2.2066316
-0.6807531
-1.725634
1.7770218
1.8367008
-1.7995099
-2.7462075
-1.3396892
-1.4422002
-1.5352161
-0.13601412
1.24763
1.3019346
-3.07595
-1.567779
0.91175739
1.1650469
-1.6949506
0.12667168
1.2343134
1.2703095
0.70526911
-0.64249427
0.42558148
0.68430733
-1.2422881
-1.1961992
0.69150118
0.90440148
-2.6227375
-1.260497
0.74809254
1.030208
-0.36792519
-1.3143924
2.3433028
2.362535
-1.226247
-0.37262084
0.15137552
0.4375457
-0.94526028
-0.67188917
0.38703899
0.6687622
-3.0548032
-1.5108218
-0.34120538
-0.063429077
-2.115943
-0.89862188
0.74720126
0.84214635
-0.90496405
-0.38885271
-0.88762396
-0.81912459
-1.3909955
-0.23708322
1.2241958
0.90616269
-2.4139239
-1.3603126
0.76068701
0.79259645
-1.4682615
-0.16128666
0.92752469
0.96856564
-0.071719541
0.44584391
0.94162201
1.2159265
1.3829933
-1.009324
1.8270409
1.7858829
-1.1686804
-0.4948277
1.6458731
1.7017859
-1.8661646
-1.5729488
1.1703447
1.2672501
-0.83153305
-2.7651456
2.1559165
1.7867998
-1.1283128
-0.6591773
1.5152107
1.4411716
-1.9280247
-3.1408978
1.175066
1.1758748
-0.45853614
-0.46547118
1.526655
1.5630789
-2.3203917
-2.7486494
-0.39992185
-0.32317902
-0.621136
-1.3429054
0.57705668
0.66007718
-2.4699786
-0.56704586
0.48281079
0.63733488
-1.0431913
-0.6246864
0.80327564
0.80782786
-1.8854132
-3.0257057
-1.8536902
-1.9615308
-1.3821503
-1.2134267
0.95032534
0.93489365
-2.6648261
-1.0128424
2.273313
2.3741978
-0.93413448
-1.0512467
3.3282258
3.3254712
-1.8153545
-2.5684244
0.67176019
0.89391239
-0.84532746
-1.6118414
1.8547911
2.0938101
-0.9670318
-0.56084676
1.3498409
1.378139
-0.59462098
-1.6455499
1.6126298
1.4079041
-1.0082947
-1.480717
0.77860501
0.87695356
-1.403847
-0.9897424
-0.3283966
-0.34097651
-0.0075701277
-2.2430177
-0.72474643
-0.68451267
-0.27195185
-1.0369473
1.3072607
1.4370306
-1.6368068
0.11105408
1.1700741
1.4186221
-0.1941459
-1.3057546
1.3433913
1.1834276
-0.83471635
0.22932144
-0.87532305
-0.51861914
0.28833239
-2.0812092
-0.33653355
-0.4023826
-1.5540535
-1.6992972
0.77790375
0.86418707
-2.772866
-1.0925171
1.1499244
1.2908547
-2.0937357
-1.6706348
0.57824005
0.65908732
-0.89627816
-0.66618735
2.7943704
2.7296713
-1.3450206
-2.2587943
1.6108363
2.1185004
-0.95439432
-2.2455255
2.0882864
2.0083234
-2.3448578
0.90801962
-0.28247395
-0.51374931
-0.90270892
-1.1596497
0.051151921
0.00017882253
-0.9409262
-0.37226685
1.2274537
1.2701455
-2.3795765
-2.3511247
2.6810263
2.8506816
-1.6621683
0.61685948
1.3262431
1.1487914
-1.2830766
-1.4944415
2.8438739
2.7509982
-1.7679566
-1.1078151
-0.49990853
-0.52558478
-1.4278961
-2.1591472
0.94636817
0.80692099
-1.4474408
0.8395988
0.65792093
0.58208275
-2.3052978
0.63924241
0.42140298
0.35540173
-0.41028327
-2.7267376
-0.20087679
0.046762085
-1.4804555
-2.3137524
2.1080919
2.1618145
-3.2608368
-1.7300675
2.0313536
2.2806382
-0.88914018
-2.4412127
2.394466
2.4388751
-1.8794373
-1.3054494
1.5540474
1.7673998
-2.5599508
-1.6048883
0.42389961
0.6658959
-3.0263672
-2.2097172
0.87979857
0.94804754
-1.5157045
-1.1892079
1.4955969
1.5587102
-2.3247274
-1.5074972
0.93082487
1.1280512
0.78604437
-1.6007153
0.65476668
0.8574494
-0.85241291
-1.7735035
0.4858449
0.84320924
-0.68256182
-1.0076869
0.82588585
0.86032562
-1.8542854
-2.9612675
0.2922419
0.12411789
-0.78427913
-0.87544019
1.4078656
1.4417895
-1.3034427
-1.4790472
1.3780538
1.633553
0.11872365
-1.1808307
1.2307518
1.1420809
-2.2321664
0.70526911
2.7586625
3.0054773
-1.9680417
-0.77629564
2.1246472
2.3204223
-2.2303146
-0.90219828
1.9228398
1.8045598
-0.60652981
-1.8071558
0.93908526
1.0567657
-1.7093177
-3.0950585
1.47291
1.1488657
-1.1719593
0.21010396
2.5065945
2.6467496
-2.1062621
-2.8155673
-0.40676082
-0.42272138
-1.8516337
1.0588555
0.77235533
0.78656084
-0.52212694
-2.0387214
-0.095762686
-0.16757854
-1.6709007
-1.0559251
1.7631622
1.7025368
-1.0583778
-0.92634876
1.3575624
1.1983219
-0.91392609
-1.0142018
1.4973267
1.6158807
-2.925506
-2.9546329
0.63736535
0.49036274
-0.92156216
-0.53515847
0.46153214
0.55371074
-1.4698529
-0.6072337
2.2086864
2.1406481
-0.55365075
-0.6590758
1.5177149
1.5672564
-1.1293242
-2.5283539
2.3446406
2.3650726
-0.89993933
-1.2314083
1.2259538
1.0378335
-4.0673759
-1.7774788
0.91424156
0.95991861
-0.86029473
-1.1229344
1.6144143
1.6267483
-2.5203012
-1.8025294
1.9609318
1.9701995
-1.0651465
-0.42188394
1.3857678
1.3862865
-0.76981431
-2.671081
1.2709916
1.4296363
-1.9221579
-1.2060796
1.2861575
1.3037956
-2.3548331
-2.2407826
1.3803151
1.614863
-1.3958358
-0.35852738
1.873153
2.0545257
-1.2978418
-2.9401136
1.1688855
1.2890224
-1.5902416
-1.9336997
0.79862454
0.78262939
1.4406255
-0.96035782
0.53871874
0.19451707
-1.3764524
-2.6494639
0.46388471
0.50492023
-2.5460344
-2.0092859
1.8815636
2.2917371
-0.12252232
-0.19993897
-1.9520718
-1.8367425
-0.86701383
-1.8861327
1.6216783
1.5936256
-0.97968722
-1.2926278
1.8305389
1.8799868
-2.7084801
-2.4462666
-0.43117576
-0.36424563
-1.2898988
-0.53741269
0.51667345
0.59199728
-1.7239015
-0.015730294
1.6785896
1.6595301
-1.2253201
-0.86389249
3.1594053
3.0343834
-2.2749926
-1.1726143
0.99553767
1.3579079
-1.3472239
-1.038362
2.7885203
2.9031897
-2.2602712
-3.6438665
0.9325752
0.85772032
-1.4086105
-1.3793845
2.0811303
2.0541912
-1.103327
-2.1623103
0.56800225
0.65574938
0.46194958
-0.75040919
-0.014206782
0.092652113
-1.850414
-1.9891172
0.25784067
0.51192892
-0.75531377
-0.32587748
-0.60394212
-0.59654088
-1.7712649
-1.151265
1.0661003
1.3978256
0.51016708
0.48856417
1.721016
1.7808777
-0.95590086
-0.5616806
2.319714
2.4110445
-1.2920065
-1.7010792
2.3213459
2.3901936
-0.6262172
0.23685412
1.4029874
1.4189298
-1.8539445
-1.3108639
2.0803454
2.0408527
-2.671041
-3.2236021
-0.47249456
-0.73553603
-1.4549893
-1.0276193
0.14424655
0.07938821
-1.7159198
-1.2569383
1.0564045
1.246521
-1.1202068
-1.1278064
0.86569499
0.97783862
-1.7015791
-1.317656
1.0890038
1.2477592
-1.6911531
-1.900236
0.069754114
0.061287169
-0.26152369
-1.3140096
0.74888668
1.082108
-1.2911251
0.23131448
2.3535117
2.2874605
-2.2047615
-2.2528126
0.19924572
0.27178331
-0.57698338
-1.1846514
0.94052604
0.938027
-3.1019551
-2.665526
1.0941339
1.1779384
-1.0885704
-0.38545096
0.51990969
0.61429358
-3.0835397
-2.341231
1.3121535
1.2597364
-0.70552671
-2.3633553
0.96869697
0.96979258
-1.8963882
-0.020979053
1.2616687
1.1789872
-0.13672189
-1.0178993
1.2505766
1.1228916
-1.6515689
0.55015094
0.79372962
0.96418615
0.6315344
-2.5179309
1.9221896
1.838364
-2.3712609
-1.4824007
1.5038651
1.2100822
-0.4507776
-1.5035031
1.1279574
0.94434883
-1.6226385
-1.4266077
0.47017036
0.68551531
-2.5559814
0.16038708
1.436238
1.5061509
0.078445979
-1.972082
0.13232323
0.46445073
0.010770597
-1.5217872
1.4663902
1.4624062
-1.728658
-2.0056509
1.9673164
1.8898781
-1.0727611
-1.3859693
2.463314
2.4022999
-1.3144867
-0.66086593
-0.15435534
-0.36637111
-3.0258073
-1.8036304
0.77269031
0.77596605
-1.8999653
-2.4152822
0.94748392
0.98957998
-0.44589337
-1.2624454
2.4782469
2.571188
-1.7326928
-2.7011751
0.37391665
0.5592804
-1.1250294
-1.5925097
1.5827075
1.6723192
-2.0717095
-0.13784894
-0.068782735
0.030870554
-1.6120246
-1.5773558
1.3829806
1.4149516
-1.2581093
-2.8576003
1.2160588
1.3678619
-0.59932168
-1.850053
1.8523092
1.9638827
-2.2888667
-1.6762054
0.78220429
0.89026062
-1.7109438
-1.8473559
1.4696151
1.4913091
-0.10354267
-0.26396747
0.14565438
0.35897706
-1.2388055
-1.1061078
1.0538199
1.0686675
-0.3918859
-0.503572
1.5360541
1.6303521
-1.3263981
-2.53307
1.8446011
1.9292013
-2.0429553
-0.85582297
1.930472
1.8585966
-1.669097
-2.0549224
1.8796665
1.9807
-1.4760866
-3.2483211
1.2993286
1.2510949
-0.96852386
-2.1005569
1.941112
1.9997076
0.53480378
-2.6946434
0.76793209
1.0170276
-1.8215516
-0.77025264
1.7877937
1.7445352
0.70526911
-0.50780609
-0.02299306
0.2194505
-1.3182696
-0.73063473
0.80765202
1.0705836
0.73882348
-1.2053593
1.036221
1.06959
-0.52229001
-1.3355127
0.95875677
0.73878319
-0.99111768
-1.7803414
-0.58552316
-0.99499366
-0.16403111
-1.2074108
0.48734955
0.37940499
0.3309006
-2.4017791
1.3065084
1.3969597
-0.071145215
-1.6323178
-0.070942334
-0.27701681
-1.5206722
0.70526911
0.030818958
0.078158188
0.43725096
-2.4394656
0.6922179
0.65953563
-0.41777834
-2.428846
-1.0905153
-0.84426205
-0.971666
0.18532828
0.98910817
0.85217669
-1.7713778
-2.3894249
0.79705282
0.57661843
-0.42157545
-0.94557341
1.1961645
1.2469867
-0.54360756
0.0016662209
1.0396788
1.3362221
-1.0946293
-0.80360048
2.857422
2.8450365
-1.3785708
-1.7957829
2.1399611
2.1487234
-0.34790495
-1.8873214
1.6512595
1.6167087
-2.2770736
-1.1073232
1.1356158
1.4454798
-1.1764251
-1.1780511
2.0079961
2.1689656
2.5147877
-2.9031752
1.6331442
1.4290686
0.81377283
-0.95336992
0.58336037
0.5451578
-0.050251204
0.41096451
0.08791124
0.28770804
0.27934195
-0.62840371
1.6792983
1.484607
-1.3027411
-2.0422884
1.7324379
1.6423651
-0.72146619
-1.1388436
2.1851493
2.1650483
-1.4871154
-2.8187278
-0.30474783
-0.24023814
-1.687026
-0.51188604
1.2949443
1.1192231
-2.0752924
0.051733525
1.4718266
1.7377999
-0.50454115
-1.1790993
2.1705278
2.2516839
-2.8559688
-1.2586729
0.51566521
0.39162033
-1.1348089
1.0047816
1.9282434
1.9815315
-0.37993512
-1.4021125
1.204444
0.9679638
-0.42978957
0.40599363
1.9130198
1.9454675
-1.7014681
0.21353664
0.93489756
0.77141636
-1.6674352
-0.72992575
1.7436343
1.6738766
-2.1134925
-2.0816622
1.144052
1.4871649
-0.84058799
-0.93613658
2.2251134
2.3994732
1.366294
-0.7455665
-1.2336544
-1.2434295
-3.1802333
-0.1475089
1.5865566
1.5722472
-1.3044868
-3.0690034
-0.012549557
-0.0011263103
-1.3919375
-0.48774948
1.5763663
1.6710464
-0.89994253
-2.6492538
-1.4743279
-1.3237021
-2.1022406
0.047616251
0.56228245
0.65829011
0.2405694
-2.187025
1.2267299
1.2833811
-0.15196774
-0.34427502
0.44071693
0.28904294
-2.0093439
-2.065459
1.1452155
1.0726618
-0.67053472
-1.0635808
0.85381865
0.5871111
-3.0377966
-0.8854641
-0.67345926
-0.25203192
-1.5767323
-0.32041491
0.82166187
0.99592011
-2.0246945
-2.7009981
0.17572938
0.51770831
-0.80046093
-0.83920139
1.0701941
1.0027903
-1.5057369
-1.2660486
1.7963986
1.8090368
0.3687804
-1.6307252
1.2869161
1.3464013
-2.7706809
-3.1313729
-0.10207904
-0.23431478
-1.5383669
-0.93755484
-0.14530957
-0.33197584
-0.79384202
0.92166697
1.6670412
1.7022995
-0.89027992
-3.833388
2.0650915
2.1146243
-2.0778494
-2.6773152
0.43023223
0.76242821
-1.1879489
-2.4894196
0.52639301
0.49287337
-3.09427
-2.0049279
1.8341587
1.6567662
-0.88440002
-1.5153297
0.49660543
0.48817196
-2.7550769
0.055668891
1.2256011
1.5144801
-1.2557978
-0.96726806
1.8043209
1.9252318
-3.3493505
-2.5117872
0.44572776
0.55035752
-1.0756389
-1.3855445
1.1526042
1.1345387
0.180104
-0.25314465
1.2179705
1.2185288
0.021897757
-1.8303614
2.3630534
2.4031462
-1.6241142
-2.7784031
0.49127696
0.38026168
-0.49846022
0.34457728
0.53922389
0.58720037
0.70526911
0.16433746
-1.8991718
-1.9576458
-1.1456673
-0.59303708
-1.0390388
-1.1379283
-1.210067
-2.028846
1.907268
2.0138541
0.9297759
-1.1707781
2.5242342
2.5366349
-1.9832719
-1.0798776
1.1094094
1.4157734
-0.088107408
0.76529713
2.2017206
2.3776871
-1.5812916
-1.2520215
2.7509258
2.6710479
0.25773135
-1.4186994
2.1579861
2.0008711
-1.1525533
0.22719263
2.1176712
2.3365129
-1.5875413
-1.7697702
1.4568336
1.403019
-2.1411177
-2.7245398
0.8306381
0.78240858
-1.5191381
-1.3769804
0.18853674
0.18229332
-1.2451101
-2.4191046
2.4183184
2.4068492
0.31446458
-1.3340117
2.5388413
2.4196927
-0.89839724
-2.2127825
0.32299284
0.044459701
-0.79565713
-0.87963264
1.1844879
0.96741839
0.70526911
-2.1210915
-1.4981587
-1.374447
-0.94367706
-1.3064562
1.2645692
1.1839431
-2.7196132
-2.0475325
1.9594923
1.607505
-2.1123662
-3.0369119
1.0227263
1.028571
-1.678876
0.36113662
0.027801784
0.16892437
-1.2946873
-1.4869267
0.90719253
0.89728175
-2.2771524
-3.1379041
0.2514975
0.41541045
-1.8150693
-2.3580022
2.8133214
2.8762326
-1.8736002
-1.4089376
0.9251461
0.9036554
-1.7020558
-1.1465381
2.3724618
2.3004792
-0.99644898
-1.822593
2.8167779
2.661048
-1.7787394
-0.34736215
3.589383
3.6131533
-2.5862714
-2.0291959
1.5175723
1.7567794
-1.2808243
-1.3989554
2.5104613
2.5865044
-1.6755053
-0.75422888
2.3454091
2.2802074
-1.8250426
-1.0466256
0.79692142
0.84615775
-1.5222282
-2.3320713
1.505488
1.339102
-0.99928047
-3.5469407
1.3657649
1.3594631
-3.0623072
0.21538519
0.37351972
0.99056908
-1.2116978
0.094079818
0.99781578
1.0583408
-0.46534716
-1.0884907
0.16849543
0.09342007
-1.9951463
-1.8322287
1.3171915
1.3216277
1.1554341
-1.1155823
0.43204952
0.58117489
-1.684298
-0.90055369
1.2668879
1.2218601
-0.99157547
-0.68350199
0.54962492
1.0572735
-1.475
-1.3950847
1.6361673
1.686567
0.48452183
-1.4521564
1.0921087
1.2443637
-2.6056291
0.45516688
1.3440473
1.4275975
-2.6252146
-1.0825422
-0.41437716
-0.47175613
-1.4045634
-2.789456
0.55026441
0.45722387
-0.97450014
-1.054873
1.7385954
2.0777265
-0.070928378
-3.4840448
1.8970191
1.8614639
-1.9826149
-1.3868645
1.6945943
1.7055489
-0.94608657
-0.44049183
1.0065538
1.0261799
-1.8713766
-1.3469161
0.97471454
0.81885664
-1.0825079
-0.30152142
0.51077322
0.38048274
-1.4960772
-2.7843069
0.51509917
0.51097864
-0.12796688
0.54063227
1.4984432
1.5458155
-1.451869
0.4557303
1.5572784
1.417163
-1.5112584
-1.1328445
1.8948742
1.9760887
-1.1250486
-3.4327768
0.34937265
0.54494659
-0.3812347
-1.1944783
1.0577966
0.94131187
-3.0666722
-2.3892088
1.4847111
1.4144591
0.53968484
-0.51729665
1.1286261
1.1537245
-1.2588307
-0.29012061
1.7382421
0.96080139
-0.71688253
-1.3361761
2.2686026
2.0983926
-0.32626724
-0.58181639
0.49095184
0.56317976
0.79573242
0.55927538
0.79691395
0.80759606
-2.6359061
-2.1192603
0.53065754
0.94474633
-2.1814169
-0.8076126
-0.53691658
-0.36659197
-1.1311285
-1.5457374
1.0242849
1.0813453
-1.9568102
-1.1503879
2.0572372
2.1097006
-0.58019729
-1.5575439
0.48874464
0.62640359
-0.71147786
-0.82101083
0.89216602
1.0032308
0.046544452
-1.6984867
1.8231918
1.4626373
-2.0184212
-1.6257798
0.91489397
0.6994172
-1.248821
-2.0783278
0.80817796
1.0707888
-1.116344
-2.0251486
-0.56023805
-0.43177279
-1.4215272
-3.0366594
-0.31640854
-0.024718573
-0.97427408
-0.40049089
1.0835077
1.3120616
-1.2667131
-0.53384171
-0.65703298
-0.44683414
-1.0213457
-2.5906769
1.0661994
1.2454663
0.77704877
-0.45771304
0.74336612
0.80420385
-0.58377723
-0.58518993
0.41218452
0.18056289
-2.9922987
-2.0218548
1.3216446
1.3637545
0.071374571
0.88286227
0.3710055
0.31545292
-2.4329194
-0.069415695
0.29563421
0.2581627
-2.0488411
-0.60977029
1.0819609
1.0778471
-1.691059
-0.85676452
1.6620571
1.5879954
-2.1495852
-1.4905582
0.051284395
0.065333251
-0.45720483
-2.525386
1.0351796
1.0033938
0.081620411
-0.88286591
0.90246797
0.8799797
-1.1736664
-1.5906859
1.6305453
1.9912394
-2.2988693
-0.32320304
1.6331208
1.5515751
-1.0347148
-0.79638582
0.73659361
0.98782768
-1.2400352
-1.038522
2.0091595
2.0925283
-1.5142281
-1.0978811
1.8205905
1.5071152
-1.8205801
-0.35037159
-0.30391613
-0.30428649
-2.3688124
0.70526911
1.3397522
1.3003647
-2.2620113
-0.79302647
1.6781781
1.8044088
-1.9151678
-1.8588316
0.80486182
1.1954378
-0.93153384
-0.7157673
1.5938539
1.7335402
-1.0277318
-1.3101522
2.2569975
2.0250335
-1.1958077
-1.930865
0.67583382
0.67493228
-2.7377545
-2.9706812
2.00114
1.766707
-0.55334749
-1.1465115
1.1489906
1.2878187
-1.9322557
-3.0634679
1.2357575
1.3303744
-0.085234547
-0.99625999
2.3495344
2.3602875
-1.7773618
-1.3042538
0.70601474
0.69451445
-1.5418159
-1.0986951
1.463272
1.4531184
-0.59016898
0.34522872
1.5939242
1.6667697
-1.2305738
-2.10309
1.3357741
1.152462
-1.0693215
0.32694486
0.049060103
-0.24020611
-0.77517948
-0.95167509
0.72739241
0.76917645
-1.5626958
-0.69834334
1.1771217
1.0143645
-0.75977583
0.091512743
2.6338397
2.5305616
-1.4618726
0.70526911
1.7084177
1.6225986
0.13017048
-2.029468
1.9839218
1.7142796
-1.272829
-0.64734441
2.0174495
1.994903
-0.59455531
-0.95475002
1.8944835
2.1084725
-1.5119264
-1.0707395
1.2031907
1.210047
-0.85978256
-0.1896157
2.4376112
2.4026427
-1.8781719
0.21681886
0.74488189
0.94353861
-1.8824814
-0.038165686
1.783635
1.7152145
-1.9359689
-1.8223803
1.2904502
1.3695152
-1.6917257
1.546577
2.4329755
2.5860227
-1.1050025
-0.26831961
0.65087056
0.47608048
-1.5586009
-1.7041532
0.62300315
0.48141109
-0.5431142
-2.7372791
2.2444552
2.0685531
-1.0487426
0.24938379
1.907028
1.7016995
-0.26984219
-0.67948125
-0.52189451
-0.63768307
-0.41405509
-0.62885952
1.3748737
1.3963692
-3.1657295
0.7013796
0.66217632
0.86639945
0.0063567231
-0.33420605
1.1073656
1.143807
-0.071584861
-1.8208543
0.99604551
1.336741
-0.79401291
-0.70835109
1.7744932
1.9153295
-1.2199229
-0.43651648
0.44052716
0.37766301
-3.6605269
-4.1082096
2.4950617
2.1851894
-2.5873743
-1.7319989
2.1036235
1.6371821
-1.3433344
-0.35934078
0.40508669
0.31641926
-2.827356
-1.7333106
0.22732056
0.31967082
-0.91498453
-1.2508006
0.0021918893
0.153786
1.7200117
-0.71453651
0.11795832
0.055143501
-0.69074215
-0.78403395
0.93690553
1.006159
-2.0777827
0.70526911
1.8671895
1.5128083
-2.3486459
0.064509826
0.38314052
0.42758812
0.61186437
0.70526911
1.4774642
1.8168105
-3.0954727
-1.8181384
1.1021351
1.0927774
-1.8197016
-1.6298095
1.9859544
2.0855349
-1.4091495
-0.180242
1.8459412
1.8003743
0.3561665
-1.9138698
1.4477546
1.4518083
-1.2898148
-1.4140827
1.4267142
1.3042522
-1.6541914
-2.5803291
1.7616273
1.8474459
-2.2439252
-0.85165071
0.10234784
0.10037443
-0.91779896
-0.68548176
-0.7092249
-0.63275866
0.18051212
-1.2630786
0.56648148
0.41032359
-1.8148917
-2.0181866
1.5606286
1.9709066
-1.9454098
-0.58026562
2.1314512
2.2015622
-0.46958905
-1.0063374
1.6882303
1.8306145
-1.9602155
-1.640429
1.7736553
1.7307434
-0.65232954
-2.1049029
2.0872173
1.8801935
-0.065414748
-0.66535161
1.9763494
1.9777175
-1.1547986
-0.68524398
0.25121047
0.39783725
-1.5911252
-1.3769804
1.1059834
1.2344001
-1.4219809
-1.6000432
1.2862447
1.4650936
-2.8393825
-1.2602208
2.1056839
2.0138555
-1.2447299
-2.7444669
1.1262336
0.92091303
-0.85545079
-0.87426094
1.8862946
1.9072335
0.77257689
-0.86999405
2.4430772
2.5291496
-0.52897145
-1.679091
0.45643663
0.54839856
0.51067925
-0.62747603
0.81268722
0.76383417
-0.73778058
-1.8597207
1.4316312
1.4688348
-1.4001276
-1.325136
1.1720502
1.3544027
-0.96094883
-0.89829692
1.876387
1.8388263
0.90304017
-0.022161515
1.0779268
1.0030268
-1.2528625
-1.6025082
0.89704741
0.80832899
-0.52463051
-2.8167988
2.5847445
2.445882
-1.5502702
-0.6505381
1.6144652
1.4122062
-2.6415849
-0.54200336
0.31086364
0.11850223
-0.98172891
-0.064559156
1.7525302
1.6572251
-2.2307863
-0.83066088
2.3700575
2.3211862
-0.68044238
-1.5564232
0.55320455
0.51905423
-0.62791992
-2.0324121
-0.88698509
-0.84876902
-1.3190003
-0.64502464
0.2943879
0.38575424
-0.55340096
-1.4202038
2.391404
2.7080659
-0.41069671
-0.88935698
2.5777475
2.6310331
-1.3829864
-2.8985259
1.2020105
1.4201002
-1.172602
-0.82410979
1.4354072
1.4536202
-2.9581904
-1.0803
0.95527097
0.92512536
-0.1431889
0.45421966
0.85431392
0.7860667
-1.7290249
-0.91340677
2.0358123
2.009454
-0.15767278
-0.57149412
2.5053589
2.6384437
-2.6809642
-3.1388836
2.2296872
2.3245496
0.081273764
-2.2712853
1.9571145
2.1455754
-3.5344774
-1.1152507
1.1095313
0.9879497
-1.2052752
-1.4536775
0.99134394
0.98886487
-2.224783
-1.2138552
1.7506713
1.7469647
-1.5034649
-1.8057697
2.5929054
2.6385504
-0.93759355
-1.8874968
0.87592534
1.042959
-0.73358068
0.35270324
0.98300688
0.97207939
-2.3935215
-1.3112774
0.40717479
0.32448538
-1.8323456
-1.02376
0.0011597315
0.19486598
-2.1810555
-2.1567889
1.1640433
1.3028668
-1.4453921
-1.3452934
1.4814283
1.4384419
-1.5449919
-3.2278135
0.21420878
0.1391601
-1.4434131
-1.1940176
0.5747323
0.70715426
-0.30209962
-2.1906924
1.664314
1.6958909
-1.1167944
-1.6450063
1.234255
1.3547639
-1.6995508
-0.94501203
2.4230696
2.5127281
-0.37294741
-0.3941545
1.826984
1.909589
-0.52967947
-1.3952414
1.1029819
1.250332
-0.48077581
-0.77558063
0.62897705
0.64246782
-0.61140336
-1.8504259
1.9433373
1.925461
-2.0335181
-1.3968887
0.64178746
0.6492432
-1.767833
-2.6570099
-0.75542542
-0.80236432
-0.79135931
-0.26104537
0.84831105
0.84222632
0.39631226
-1.5773312
0.56293215
0.76290486
-0.28552334
-0.89685646
0.80264776
0.56639914
-3.4220331
-3.104158
1.0149194
1.2073216
0.38633384
-1.8676352
1.8881515
1.9022209
-1.1762452
-3.2453536
0.32227528
0.6229792
0.10638378
-0.92666262
1.0318312
1.0378783
0.52014247
-0.5207854
0.88173253
1.3849896
-1.5877394
-0.91125597
2.4141713
2.3364912
-2.2369673
-1.4729719
-0.53397701
-0.2312985
-0.8059112
-1.41045
1.5032909
1.6155988
-1.2049166
-1.5697437
1.3162743
1.3071624
-0.99415429
-0.59130676
3.3012437
3.2871391
-2.850397
-2.2756326
1.5172722
1.5104158
-0.74522073
-1.539115
1.0999023
0.89710689
-2.5912996
-1.9900929
1.733819
2.0391284
-2.6292421
-1.4778054
2.0144351
2.0864817
-1.5772382
-1.427012
0.22922702
0.34426247
-1.3372641
-0.65061752
1.5491633
1.6905772
-1.6320563
0.20052085
1.3369755
1.533544
-1.3290163
-1.1172362
1.9081646
2.059982
-2.2674382
-1.6561425
0.98654408
0.82499027
-1.0192265
-1.6583778
1.7311253
1.6764933
-1.6190132
-1.7891252
2.8485165
2.7608825
-1.344404
-1.405772
1.860234
1.785198
-3.1089106
-1.764729
1.4761776
1.7380848
-2.4275401
0.29125514
1.5853523
1.6450323
-1.2840918
-2.992276
0.58562143
0.38297445
-0.59191916
-0.85489004
2.0233451
1.8884243
-1.5049179
-0.058052339
0.76043144
1.0283741
-0.81910996
-0.63731649
0.70569302
0.8428663
-1.6442789
-0.83008848
1.0889924
1.2599032
0.48733188
-0.53263749
1.9288941
2.0674536
-0.76104388
-1.1109327
0.6604857
0.57190953
-1.308166
-0.91783571
2.4652482
2.4321407
-0.95004318
-2.0231285
-0.19042552
-0.29312457
-0.98979802
-2.1494666
2.1402886
2.0748997
-0.076593426
-1.0113639
0.33890359
0.27739529
-0.58230657
-0.6903168
1.5933423
1.6376549
0.9971131
0.07851168
0.97675357
1.0730099
0.55612476
0.088200059
2.0847931
1.9849406
-0.94634939
-2.079386
1.3759145
1.3198107
0.50868014
-0.47151795
1.97491
2.0574648
-0.050010594
-2.3124189
1.5521642
1.7416885
-0.20472594
-0.97390976
0.61506346
0.52801586
0.60526227
-0.88187049
1.5236908
1.4527601
-2.5080501
-1.5431047
1.3296368
1.4632652
-2.0640778
-2.0421767
1.8272056
2.0280538
-0.25692909
-1.102056
1.5946453
1.7086438
-0.78703712
-2.0795791
1.6413635
1.6159901
-0.30035795
0.14016074
0.45028732
0.41423415
-1.2666994
-2.0128217
1.1644413
1.4170801
0.05713894
-0.78793843
1.9417065
2.0746798
-2.4235555
-2.7932525
0.47931535
0.58270655
-0.6366962
-0.83943586
-0.20636737
-0.20138283
0.70526911
-1.1150874
0.51387423
0.50753438
-1.4122833
0.5740467
-0.50265947
-0.44847765
-0.64269165
1.2459562
1.4718087
1.3301691
-1.8788159
-0.11600121
2.0501947
1.9412783
-2.1773476
-2.1265764
1.0786763
0.8811748
-1.1455964
-0.55303741
1.2713264
1.165697
-2.5963142
-1.6485429
0.66186864
1.0230985
0.1212248
-1.272601
1.0856742
1.1027977
-2.3009221
-0.83502002
-1.4115663
-1.4530305
-0.88609213
-1.7745459
1.0672495
1.0483116
-0.096112769
-2.9783906
0.60323757
1.0151198
-0.44769439
-1.8404479
0.69244677
0.78105639
-2.6776938
0.70526911
-0.16296273
-0.094162431
-0.73327108
0.13889282
0.99599248
1.3730916
-0.58548779
-0.9374605
0.73707532
0.57955292
-2.5163202
-1.3390855
2.0860273
2.1505552
-1.3883829
-1.3238507
2.0810104
2.0818927
-1.1997135
-1.1632606
1.01771
0.96491862
-1.0153511
-1.1493768
0.079532881
0.400718
-2.1674529
-0.22442054
0.11331718
0.14680427
0.70526911
0.70526911
1.610972
1.8834468
-1.0590013
-1.0166665
2.0178902
2.0470981
-1.583801
-0.95832213
1.3193593
1.5327442
-1.1692933
-0.95983082
0.6915753
0.61838583
-1.817623
-1.2448358
0.76529398
0.81476762
0.23962865
-2.1265517
2.3968556
2.3643598
-1.6418961
-2.2205747
1.9331707
1.842369
-1.6682288
-1.2853726
1.7543846
1.5648924
-0.91656724
-1.7915849
1.8186338
1.4092427
-0.54209849
-0.49817313
1.0505141
0.85910933
-1.233896
-0.99751459
1.7200833
1.8920523
-0.090485985
-0.14707956
2.0882055
2.0703336
-0.85985592
-1.3669512
1.4991245
1.3172595
-1.0323325
0.18157384
2.0574381
2.1422403
1.1541237
-2.1709085
1.5492062
1.7331717
-0.31498344
0.53966648
0.92849358
0.63561938
-1.1939759
-2.5396873
1.6217132
1.4718024
-1.0522032
-1.086142
1.0775766
1.1415253
-1.7545859
-2.4542784
0.56902716
0.85321747
-1.1895114
-2.1430022
1.5338015
1.4151962
-0.74181331
-1.3188701
0.59159254
0.91499145
-1.7980248
-1.4886358
1.7706823
1.8479059
-1.7786564
-1.5128097
1.1168097
1.1643933
-1.8073429
-0.94936212
1.2389069
1.1718249
0.70526911
0.70526911
2.2299444
2.2734001
-1.4782489
0.91266322
0.93289403
0.8276485
-0.83595307
-2.3526075
0.7126541
0.8168231
-0.80442442
-1.1431988
0.9983401
0.84112139
-0.75696084
-1.7270167
0.5062451
0.6532181
0.28088058
-2.1380485
0.26481165
0.29438874
-3.4422185
-2.9846001
1.5511811
1.9098878
-1.984236
-2.2118502
1.2753604
1.2023127
0.70526911
-1.1085448
0.51936728
0.41983034
-1.9474195
-1.2392942
0.41914528
0.48616889
-0.87897505
-1.9276065
0.3368301
0.31681314
-0.52388499
-0.57777928
2.7086262
2.6760531
-2.1625253
-1.2753488
0.48210125
0.66790726
-0.44049769
-1.8674951
0.73409
0.69284368
-0.69085511
-2.5560643
1.5647624
1.4006077
-0.22121401
-0.5496914
1.8719008
1.979474
-1.1285609
-0.75727983
1.7117532
1.8544006
-1.2323827
-0.86228325
1.5578131
1.6113502
-3.3780891
-1.4130595
0.40542104
0.58702137
-1.6785985
0.22534545
0.45203785
0.60186947
-2.8104242
-2.8108168
1.9050685
1.686201
-1.0081363
-0.034625548
0.56866336
0.53028319
-2.2861229
-2.6401117
0.34819357
0.76685275
-2.7608898
-0.52034081
1.1237555
1.1716679
-0.97283125
-0.45821438
1.1064856
1.1834809
0.30461539
0.39102718
0.8854133
0.91586188
0.10325945
-0.74822165
1.8904214
2.0013986
-0.88556916
-1.0832483
2.1676708
2.1122664
-2.2574445
-2.4784462
1.3870722
1.571489
-1.3459213
-0.21743857
2.3185711
2.5645581
-0.61561701
-1.0694161
-1.3704416
-1.2917349
-0.33354603
-0.48491897
0.29019572
0.49332657
-2.4754483
-2.2841168
1.3697608
1.3829302
-0.69025031
-1.1734195
1.7039075
1.7684716
-1.1778107
0.77236816
1.2398624
1.5637569
-2.1800158
-1.1747229
1.0753979
1.0308379
-2.7563649
-2.4595689
1.0058904
1.3451139
-0.26345114
-0.61248531
1.7227775
1.7950414
-0.57084981
-2.1316074
1.8486244
2.0640944
-0.40086842
-1.3523433
2.4532951
2.6397285
-1.1622201
-1.5208334
2.4471312
2.356223
-1.161879
-0.12069814
2.9142405
2.8235314
-1.0350194
-2.8044705
0.5448704
0.81268069
-1.6114954
-0.18607048
1.0437822
1.0658895
-3.437604
-3.419049
0.73885463
0.57292106
-2.1562345
-2.7369925
0.8960906
1.0048862
-2.17916
-1.2356551
1.3263937
1.4972216
-0.12372494
-0.89094141
1.0404658
1.3675012
-1.2423504
-2.9149575
0.93503858
0.7837168
-0.29244923
-0.43977901
1.8753248
1.8860657
0.28255147
-0.8538209
1.7269209
1.8661732
-0.25394689
-1.2942984
1.8515414
1.9043653
-1.4272527
-1.8282449
0.9583738
1.0171823
-1.2424264
-1.8383816
2.7962366
2.8669335
-1.6502039
-1.1465979
0.10206471
0.60471723
-1.2252518
0.10491317
-0.12529463
-0.10814187
0.61776727
-2.2305354
0.24443523
0.61045172
-1.5729296
-0.90264777
0.88628932
1.0445936
-0.42877315
-1.0894732
0.73063178
0.99488381
-0.71367546
-1.6982823
1.6779704
1.7083824
-2.191827
-0.59084577
2.501216
2.5850468
-1.0822473
-0.85834609
2.1859222
2.128387
-1.6444302
-0.49457583
1.2414809
1.052492
-1.3650524
-1.3569981
1.5547608
1.6143547
0.70526911
-1.0591755
2.0234176
2.3108735
-0.98082848
-1.5478742
0.44758414
0.57486762
-2.9631906
-1.7002619
1.9103106
2.1116303
-1.0195448
-0.15043717
2.9782786
3.0027325
-1.0918208
-3.119199
-0.28716834
-0.46798116
-0.03675856
-1.8485638
0.89080317
0.7863633
-0.46244548
-0.24410529
-0.0056238738
-0.1932908
-2.390504
-1.402196
0.88776425
1.1387235
-2.3846171
-1.6174307
1.3754385
1.3526283
-1.3864276
-1.1548211
1.2568483
1.2155468
-0.39088314
-3.1167365
2.1045992
2.0610815
-0.75241525
-0.71085498
1.4100304
1.3887591
-3.6012599
-2.4217187
1.1376633
1.4330168
-1.255004
-0.60393822
2.0070828
2.0084743
-2.9221196
-1.8690064
0.34176127
0.69128051
0.91739434
-0.47592348
0.27438914
0.2236475
-0.58555046
-0.67279985
1.1128408
0.95742501
-1.1846687
-0.91996447
1.7435304
1.7057131
-1.891677
-2.4402413
2.0918813
2.0478501
-1.6853236
-0.55215736
1.5772771
1.7610968
-0.93536392
-2.1488758
1.9870556
2.1077204
-0.71178757
-0.56545654
3.1919431
3.128671
-2.0747088
-2.7450454
1.7962311
1.9158113
-0.94339724
-0.089610047
3.164038
3.2757477
-0.76598636
-1.8236638
0.6825383
0.57605039
-1.0214135
-1.0201988
1.0269977
1.0807815
-1.7038767
-1.4825066
0.80228389
0.90979319
-1.2973859
-1.8216322
0.50383989
0.51452433
-0.6379675
-0.91496643
1.6487629
1.7486489
-0.37682055
-1.3586703
1.6190904
1.6103447
-1.7980835
-0.97571403
1.8863604
1.9331715
-1.1530839
-0.23596103
-0.25713376
-0.3024198
-2.3483265
-0.68487697
1.6287808
1.8216412
-0.6108209
0.26387917
1.8542484
1.8099593
-0.77266059
-0.40606165
1.4632812
1.5737541
-1.0203481
-1.7749305
1.2155154
1.2812468
-2.0834449
-1.4770316
0.94116766
1.1087773
-1.5000069
-0.37764097
2.4054943
2.357425
-1.6695691
-2.8481769
1.7815413
2.2101042
-0.43467866
-2.253033
2.0410512
1.9566266
-2.2628422
-1.6768709
1.4505904
1.7984321
-2.1030821
-1.6336706
0.66621307
0.70821617
0.19019859
-0.099592809
-1.8002915
-1.8819235
-1.2546013
-1.2558957
1.3230441
1.2293618
-0.17269388
-1.5479518
0.5539766
0.83148484
-3.3015837
-1.9134393
1.9494254
1.9638371
-1.2721053
-1.7077983
1.1071486
1.0783057
-1.3167926
-1.4370997
2.6601662
2.7588287
-2.8330368
-1.3294942
1.3303948
1.4302396
-0.62704533
-0.95430583
1.7304613
1.7643838
-1.9832087
-1.6192156
1.4375331
1.3358159
-1.0320204
-1.7753572
1.53523
1.4848174
-3.1515284
-1.2471001
0.66980448
0.84564096
-0.73685552
-1.4415259
0.92010417
0.81151364
-0.59097594
-1.7911205
1.5922299
1.6008784
-1.9852311
-0.058875126
1.61909
1.3845675
-1.8494028
-2.4107653
0.2785974
0.12670175
-0.27896945
-0.87370663
0.53140266
0.4625815
1.0634915
-2.5075863
-1.1805105
-1.1017295
-0.099315372
-1.6385685
1.2193647
1.3197774
-1.6458444
-0.95739703
1.2307129
1.3385751
-1.7609235
-2.1168946
0.12509612
0.1608488
-2.9663518
-3.0083728
-0.45919194
-0.43927685
-2.1808218
-0.26622916
0.16418264
0.22551029
-2.7676216
-1.8690547
0.55025919
0.61055191
-0.76631115
-0.61510743
0.21306076
0.14050284
-2.4726622
-3.1032776
1.0452485
1.0133283
-2.1982344
-0.82673429
1.0347587
1.1319785
-1.6757898
-2.3822365
-1.4631106
-1.3471001
-1.3944599
-1.5651655
-0.84770776
-0.89173907
-1.1877565
-0.98731911
1.5631989
1.6166317
-0.5719862
-0.65234693
2.5913619
2.5922363
-1.8537922
-1.8022808
0.50459502
0.4875849
-0.74600346
-1.4900529
1.0732419
1.2205488
-1.7881808
-0.52308475
1.1758401
1.0643003
-1.1445144
-1.3582615
1.4417753
1.3435553
-0.9559027
-0.66707957
1.0462358
0.97883831
-1.0970699
-0.9735537
1.3066755
1.2435817
0.10200127
-0.97319725
-0.50636596
-0.2809351
-0.67057219
-0.53500924
0.6292427
0.81033609
-3.4288648
-2.3827955
0.69472597
1.0310855
0.044337452
0.17492597
0.33957377
0.30023412
0.87776353
-1.6351389
2.3241797
2.6487048
-0.59766459
-1.5781173
2.3177606
2.2166227
-0.52930735
-1.4731289
-0.48021725
-0.22276578
-0.38518606
-0.86524503
0.81022249
0.86445041
0.58037231
-0.73999042
-0.33960628
-0.24443351
-1.7497109
-0.97815021
0.99815675
1.0782862
-0.95970752
-0.72255174
-0.65191478
-0.35881276
-2.1249828
-0.84391902
0.47982786
0.49905105
-1.4803109
-0.22149872
-0.24183202
0.20818912
-2.6613688
-1.6237115
0.90718301
1.0086561
-2.5148414
-0.54643134
1.9910994
2.2673347
-2.334982
-0.7824957
2.9686617
3.0347192
-2.8601973
-3.3631279
-0.95376645
-0.89153256
-0.5854504
-1.2182392
0.2878539
0.42924355
0.11953689
-2.4584687
0.65544176
0.36384274
-0.70353457
-0.15897523
1.6412109
1.6346053
-1.9827809
-1.0223632
0.77607636
0.73206289
-0.14581445
0.29029293
0.47488377
0.54554959
-1.3148557
0.39855092
1.4499143
1.7102658
-1.3710882
-2.2338094
2.6503192
2.6633163
-2.4886215
-2.5969302
0.77384326
1.2743731
-2.7318938
-3.8434662
1.7583997
1.865486
-1.2960631
-2.4376015
1.553153
1.9976677
-0.022952345
-1.2487761
2.6566284
2.5918359
-1.4337951
-1.304885
-0.82297328
-0.89763796
-0.1674787
-2.1931663
0.6347049
0.97965465
-1.2452432
-1.8590119
-0.046895385
-0.096520952
-0.59244425
0.26341504
1.3622161
1.3036469
-1.6370151
-1.8976741
-0.97870333
-0.86691094
-1.4469251
-1.3948434
0.63384756
0.58416984
-3.1952276
-0.61744329
1.577484
1.573362
0.078511984
-0.59915093
2.2565254
2.2199469
-0.68653164
0.70526911
2.1827239
2.1596795
-2.3034604
-2.0534628
0.15623573
0.21988146
-0.57427656
-2.1911671
1.4101228
1.198137
-1.4527003
-1.0504818
-0.82496852
-0.92446987
0.16051309
-1.0993373
0.21268808
0.30129409
-0.68163869
0.094895146
0.6134749
0.62137419
-0.54388271
-1.0033685
0.42725407
0.4301557
-1.4269956
-1.0399128
0.98491189
0.90628876
-0.37420657
-0.41688474
2.2490462
2.2906611
0.074863457
0.0098672724
2.6275158
2.6211332
-3.3320131
-2.0601047
2.1201055
2.0631637
0.59886844
0.089948112
0.76512034
1.0168891
-2.4839789
-2.4035551
0.33870552
0.13084084
-0.81686332
-1.2199354
1.7708437
1.826059
-4.058799
-2.3167077
0.44306379
0.62544733
-1.0715404
-1.4279431
1.92982
2.0935557
0.61937508
-2.137965
0.075258798
0.28237087
-0.45324356
0.033270681
1.0944907
1.0360586
0.70526911
-1.964222
2.6108919
2.6617368
-0.73284897
-2.4114194
0.96426905
0.78737208
-0.9699543
-1.1696756
1.0567582
1.0969341
-0.80233353
-1.2147442
1.8876831
1.9195015
-2.3891015
0.55059167
0.76142011
0.70503138
-0.43882153
-1.4925433
0.64144731
0.80815105
-2.3821852
-2.8550836
0.59042954
0.70839622
-1.422441
-0.66443479
1.8379579
1.807993
-0.012577473
-0.59279993
0.38460526
0.61948055
-1.654868
-0.86438585
0.81853603
0.75998793
-0.6154852
-2.4598511
1.4183867
1.3366379
-0.83173702
-0.85119113
1.8916093
1.8620788
-1.5024014
-1.5229446
1.0088781
1.0072664
-2.2927859
0.048363244
2.6185525
2.6959169
-3.120612
-0.46796931
-0.55810667
-0.29075895
-2.9623797
-1.6422218
0.81397189
0.73934624
-1.1152638
-2.5950854
0.23054448
0.14979414
-0.073178972
-1.5762135
0.57616634
0.6030535
-1.426347
-1.8130744
0.38250986
0.51838706
-2.2397653
-1.7795528
1.5537357
1.6348508
-2.1401395
-0.71692776
-0.33235574
0.099491257
-1.55233
-0.18927927
-0.52470298
-0.50283863
-2.6776961
-1.5170196
1.0600479
1.4605086
-1.0182387
-1.3945793
0.48165854
0.35823189
-1.5719726
-1.6309365
1.416965
1.6768469
-1.9977546
-1.4250646
2.2669992
2.344205
-1.4205614
-1.7211283
-1.2148513
-1.3579889
-0.48929674
-1.107163
-0.77433576
-0.51498011
0.2995881
-1.7693124
1.6625471
1.4273806
-2.2448634
-2.0626385
1.7148936
1.5062202
-1.6449032
-2.3348599
1.5353023
1.5231283
0.24685555
0.2269818
1.9885473
1.9852225
-1.1864745
-0.71718042
-1.0034902
-0.80870681
-0.73034029
-2.1438801
0.38662159
0.4020901
-2.1298266
-1.7993007
0.92187533
1.2980498
-0.42295975
-1.5068026
1.5003028
1.6625389
-0.65531802
-1.140995
-0.090556871
-0.15369306
-0.080722687
-1.1777025
-0.15873134
-0.063771701
-2.1728635
-1.4078197
0.79625936
0.9258236
-1.5064354
-0.89317451
1.2484428
1.1278254
0.82256262
-1.9325177
-0.65327081
-0.34943657
-1.1172315
-1.9828131
1.2069023
1.1678511
0.28309226
-1.256452
0.80776245
0.91199855
-1.023408
-0.81293217
1.0903795
1.0192133
-1.1296751
-2.0208627
0.65630141
0.93713198
-0.46512374
-0.92658521
1.5412363
1.6102938
-1.9512855
-1.0151551
0.74225936
0.78307821
-0.19633025
0.2366445
1.7848323
1.7138178
1.3781336
0.63530482
0.8777827
1.0176577
-1.1019685
0.0078060131
0.94059375
1.0172437
0.93000731
-1.9761691
1.4097448
0.98356599
-1.751136
-1.0645962
2.5021557
2.4452375
-2.7583908
-1.9631034
0.49838563
0.40319632
-0.42842205
-0.2932792
0.82939066
0.86790763
-1.2655752
-3.4270082
0.83799788
0.98990846
0.6307794
-2.2518314
0.48212059
0.46722815
-1.2399161
0.70526911
0.2576838
0.31426965
-1.450175
-0.96306086
1.8332051
2.214005
-0.26558617
-1.4402304
-0.74106221
-0.47436211
-1.1815924
-0.39440749
0.84905011
0.79194724
-1.0391563
-1.7783844
0.90374364
1.2193741
-2.463209
-1.5694558
1.8043493
1.8164265
-2.1864382
-2.7969321
0.82642594
1.234194
-1.2314856
-1.037169
0.57471993
0.6386727
-1.8403148
-2.8142894
0.38260113
0.42148592
-1.6605289
-0.062664085
0.94618028
1.0504881
0.70781283
-0.26525276
0.91601701
1.0315685
-0.31095062
-2.4005051
2.1259826
2.262864
-2.0442139
-0.73167916
0.13353573
-0.030241858
-1.719401
-0.29485485
0.882439
0.78405989
0.70526911
-1.7341967
